   0.153,  0.613, 10.113
   0.153,  0.613, 10.113
   0.153,  0.613, 10.266
   0.153,  0.613, 10.266
   0.153,  0.613, 10.266
   0.153,  0.613, 10.266
   0.153,  0.613, 10.113
   0.153,  0.613, 10.113
   0.153,  0.613, 10.113
   0.153,  0.613, 10.113
   0.153,  0.613, 10.113
   0.153,  0.613, 10.113
   0.153,  0.613, 10.266
   0.153,  0.613, 10.266
   0.153,  0.613, 10.266
   0.153,  0.613, 10.113
   0.153,  0.613, 10.113
   0.153,  0.613, 10.113
   0.153,  0.613, 10.113
   0.153,  0.766, 10.113
   0.153,  0.766, 10.113
   0.153,  0.766, 10.113
   0.153,  0.613, 10.113
   0.153,  0.613, 10.113
   0.153,  0.613, 10.113
   0.153,  0.613, 10.266
   0.153,  0.613, 10.266
   0.153,  0.613, 10.266
   0.153,  0.613, 10.266
   0.153,  0.613, 10.266
   0.153,  0.613, 10.266
   0.153,  0.613, 10.266
   0.153,  0.613, 10.113
   0.153,  0.613, 10.113
   0.153,  0.613, 10.113
   0.153,  0.613, 10.113
   0.153,  0.613, 10.113
   0.153,  0.613, 10.113
   0.153,  0.613, 10.113
   0.153,  0.613, 10.113
   0.153,  0.613, 10.113
   0.153,  0.613, 10.113
   0.153,  0.613, 10.113
   0.153,  0.613, 10.113
   0.153,  0.613, 10.113
   0.153,  0.613, 10.266
   0.153,  0.613, 10.266
   0.153,  0.613, 10.266
   0.153,  0.613, 10.113
   0.153,  0.613, 10.113
   0.153,  0.613, 10.113
   0.153,  0.613, 10.113
   0.153,  0.613, 10.113
   0.153,  0.613, 10.113
   0.153,  0.613, 10.266
   0.153,  0.613, 10.266
   0.153,  0.613, 10.266
   0.153,  0.613, 10.266
   0.153,  0.613, 10.266
   0.153,  0.613, 10.266
   0.153,  0.613, 10.266
   0.153,  0.613, 10.113
   0.153,  0.613, 10.113
   0.153,  0.613, 10.113
   0.153,  0.613, 10.266
   0.153,  0.613, 10.266
   0.153,  0.613, 10.266
   0.153,  0.613, 10.266
   0.153,  0.613, 10.266
   0.153,  0.613, 10.266
   0.153,  0.613, 10.266
   0.153,  0.613, 10.266
   0.153,  0.613, 10.266
   0.153,  0.613, 10.266
   0.153,  0.613, 10.113
   0.153,  0.613, 10.113
   0.153,  0.613, 10.113
   0.153,  0.613, 10.266
   0.153,  0.613, 10.266
   0.153,  0.613, 10.266
   0.153,  0.613, 10.266
   0.153,  0.613, 10.113
   0.153,  0.613, 10.113
   0.153,  0.613, 10.113
   0.153,  0.613, 10.113
   0.153,  0.613, 10.113
   0.153,  0.613, 10.113
   0.153,  0.613, 10.266
   0.153,  0.613, 10.266
   0.153,  0.613, 10.266
   0.153,  0.613, 10.113
   0.153,  0.613, 10.113
   0.153,  0.613, 10.113
   0.153,  0.613, 10.113
   0.153,  0.766, 10.113
   0.153,  0.766, 10.113
   0.153,  0.766, 10.113
   0.153,  0.766, 10.113
   0.153,  0.766, 10.113
   0.153,  0.766, 10.113
   0.153,  0.613, 10.113
   0.153,  0.613, 10.113
   0.153,  0.613, 10.113
   0.153,  0.613, 10.113
   0.153,  0.613, 10.113
   0.153,  0.613, 10.113
   0.153,  0.613, 10.113
   0.153,  0.613, 10.113
   0.153,  0.613, 10.113
   0.153,  0.613, 10.113
   0.153,  0.613, 10.266
   0.153,  0.613, 10.266
   0.153,  0.613, 10.266
   0.153,  0.613, 10.113
   0.153,  0.613, 10.113
   0.153,  0.613, 10.113
   0.153,  0.613, 10.113
   0.153,  0.613, 10.113
   0.153,  0.613, 10.113
   0.153,  0.613, 10.113
   0.153,  0.613, 10.113
   0.153,  0.613, 10.113
   0.153,  0.613, 10.113
   0.153,  0.613, 10.113
   0.153,  0.613, 10.113
   0.153,  0.613, 10.113
   0.153,  0.613, 10.266
   0.153,  0.613, 10.266
   0.153,  0.613, 10.266
   0.153,  0.613, 10.266
   0.153,  0.613, 10.113
   0.153,  0.613, 10.113
   0.153,  0.613, 10.113
   0.153,  0.766, 10.113
   0.153,  0.766, 10.113
   0.153,  0.766, 10.113
   0.153,  0.613, 10.113
   0.153,  0.613, 10.113
   0.153,  0.613, 10.113
   0.153,  0.766,  9.960
   0.153,  0.766,  9.960
   0.153,  0.766,  9.960
   0.153,  0.766,  9.960
   0.153,  0.766, 10.113
   0.153,  0.766, 10.113
   0.153,  0.766, 10.113
  -5.976,  0.153, 10.420
  -5.976,  0.153, 10.420
  -5.976,  0.153, 10.420
   2.452, -0.766, 11.339
   2.452, -0.766, 11.339
   2.452, -0.766, 11.339
   5.976,  3.371,  9.194
   5.976,  3.371,  9.194
   5.976,  3.371,  9.194
   5.976,  3.371,  9.194
   8.274,  0.153, 14.557
   8.274,  0.153, 14.557
   8.274,  0.153, 14.557
  -3.677,  1.532, 11.799
  -3.677,  1.532, 11.799
  -3.677,  1.532, 11.799
   3.371, -2.145, 19.460
   3.371, -2.145, 19.460
   3.371, -2.145, 19.460
   3.371, -2.145, 19.460
   1.686, -3.065, 19.460
   1.686, -3.065, 19.460
   1.686, -3.065, 19.460
  -0.153, -1.226, 19.460
  -0.153, -1.226, 19.460
  -0.153, -1.226, 19.460
  -1.226, -0.306, 19.460
  -1.226, -0.306, 19.460
  -1.226, -0.306, 19.460
  -1.226, -3.065, 14.250
  -1.226, -3.065, 14.250
  -1.226, -3.065, 14.250
  -1.226, -3.065, 14.250
   0.306, -1.992,  2.452
   0.306, -1.992,  2.452
   0.306, -1.992,  2.452
   0.766,  0.306,  0.153
   0.766,  0.306,  0.153
   0.766,  0.306,  0.153
   2.605, -1.379, -0.613
   2.605, -1.379, -0.613
   2.605, -1.379, -0.613
   1.073,  1.379, -5.976
   1.073,  1.379, -5.976
   1.073,  1.379, -5.976
   1.073,  1.379, -5.976
   0.460,  1.686, -9.653
   0.460,  1.686, -9.653
   0.460,  1.686, -9.653
   1.686,  1.532,-13.178
   1.686,  1.532,-13.178
   1.686,  1.532,-13.178
   2.452,  0.460,-15.936
   2.452,  0.460,-15.936
   2.452,  0.460,-15.936
   2.145,  0.613,-16.549
   2.145,  0.613,-16.549
   2.145,  0.613,-16.549
   2.145,  0.613,-16.549
   0.919,  0.766,-15.170
   0.919,  0.766,-15.170
   0.919,  0.766,-15.170
  -0.306, -0.460,-13.024
  -0.306, -0.460,-13.024
  -0.306, -0.460,-13.024
   1.226, -2.452,-10.573
   1.226, -2.452,-10.573
   1.226, -2.452,-10.573
   1.226, -2.452,-10.573
   1.686, -2.145, -3.831
   1.686, -2.145, -3.831
   1.686, -2.145, -3.831
   2.758, -1.686,  3.218
   2.758, -1.686,  3.218
   2.758, -1.686,  3.218
   4.444, -0.766,  7.968
   4.444, -0.766,  7.968
   4.444, -0.766,  7.968
   2.452, -1.226, 17.775
   2.452, -1.226, 17.775
   2.452, -1.226, 17.775
   2.452, -1.226, 17.775
  -0.919,  5.363, 19.460
  -0.919,  5.363, 19.460
  -0.919,  5.363, 19.460
  -2.452,  9.807, 19.460
  -2.452,  9.807, 19.460
  -2.452,  9.807, 19.460
  -4.137,  9.041, 19.460
  -4.137,  9.041, 19.460
  -4.137,  9.041, 19.460
  -2.758,  3.831, 19.460
  -2.758,  3.831, 19.460
  -2.758,  3.831, 19.460
  -2.758,  3.831, 19.460
  -0.613, -3.371, 11.799
  -0.613, -3.371, 11.799
  -0.613, -3.371, 11.799
   1.226, -7.202,  2.452
   1.226, -7.202,  2.452
   1.226, -7.202,  2.452
   2.145, -6.589, -5.363
   2.145, -6.589, -5.363
   2.145, -6.589, -5.363
  -1.379, -1.992, -8.428
  -1.379, -1.992, -8.428
  -1.379, -1.992, -8.428
  -1.379, -1.992, -8.428
  -1.686, -2.145,-16.089
  -1.686, -2.145,-16.089
  -1.686, -2.145,-16.089
   0.919, -8.274,-19.613
   0.919, -8.274,-19.613
   0.919, -8.274,-19.613
  -3.371, -8.121,-19.613
  -3.371, -8.121,-19.613
  -3.371, -8.121,-19.613
  -3.677, -7.508,-18.234
  -3.677, -7.508,-18.234
  -3.677, -7.508,-18.234
  -3.677, -7.508,-18.234
  -0.460, -7.508,-11.186
  -0.460, -7.508,-11.186
  -0.460, -7.508,-11.186
   3.524, -3.677,  2.605
   3.524, -3.677,  2.605
   3.524, -3.677,  2.605
   3.524, -1.992, 16.395
   3.524, -1.992, 16.395
   3.524, -1.992, 16.395
   3.524, -1.992, 16.395
  -7.049, 10.113, 19.460
  -7.049, 10.113, 19.460
  -7.049, 10.113, 19.460
  -1.379, 18.541, 19.460
  -1.379, 18.541, 19.460
  -1.379, 18.541, 19.460
   7.049, 12.871, 15.629
   7.049, 12.871, 15.629
   7.049, 12.871, 15.629
   9.960,  1.686,  2.452
   9.960,  1.686,  2.452
   9.960,  1.686,  2.452
   9.960,  1.686,  2.452
   7.202, -3.984, -6.129
   7.202, -3.984, -6.129
   7.202, -3.984, -6.129
   6.589, -3.371,-16.702
   6.589, -3.371,-16.702
   6.589, -3.371,-16.702
   7.508, -2.605,-19.613
   7.508, -2.605,-19.613
   7.508, -2.605,-19.613
   5.669, -1.992,-19.307
   5.669, -1.992,-19.307
   5.669, -1.992,-19.307
   5.669, -1.992,-19.307
   2.758, -2.298,-11.952
   2.758, -2.298,-11.952
   2.758, -2.298,-11.952
   1.073,  0.919,  5.057
   1.073,  0.919,  5.057
   1.073,  0.919,  5.057
  -3.831, -1.992, 17.008
  -3.831, -1.992, 17.008
  -3.831, -1.992, 17.008
 -17.008, -7.661, 19.154
 -17.008, -7.661, 19.154
 -17.008, -7.661, 19.154
 -17.008, -7.661, 19.154
 -19.460, -4.137, 16.089
 -19.460, -4.137, 16.089
 -19.460, -4.137, 16.089
 -17.775,  1.073,  6.895
 -17.775,  1.073,  6.895
 -17.775,  1.073,  6.895
  -5.976,  4.597, 12.412
  -5.976,  4.597, 12.412
  -5.976,  4.597, 12.412
  -5.976,  4.597, 15.476
   3.065,  4.597, 15.476
   3.065,  4.597, 15.476
   3.065,  4.597, 15.476
  15.323,  0.613, 14.097
  15.323,  0.613, 14.097
  15.323,  0.613, 14.097
  19.613,  6.436, 15.629
  19.613,  6.436, 15.629
  19.613,  6.436, 15.629
  19.613,  4.750,  5.669
  19.613,  4.750,  5.669
  19.613,  4.750,  5.669
  19.613,  4.750,  5.669
  19.000,  2.452,  5.210
  19.000,  2.452,  5.210
  19.000,  2.452,  5.210
   7.355, -2.452,  6.436
   7.355, -2.452,  6.436
   7.355, -2.452,  6.436
  -4.597, -3.677, 12.412
  -4.597, -3.677, 12.412
  -4.597, -3.677, 12.412
  -9.653,  0.153, 13.791
  -9.653,  0.153, 13.791
  -9.653,  0.153, 13.791
  -9.653,  0.153, 13.791
 -15.170,  0.306, 11.186
 -15.170,  0.306, 11.186
 -15.170,  0.306, 11.186
 -19.460,  2.145, 10.113
 -19.460,  2.145, 10.113
 -19.460,  2.145, 10.113
 -19.460,  1.532,  8.274
 -19.460,  1.532,  8.274
 -19.460,  1.532,  8.274
 -17.621, -0.919,  8.428
 -17.621, -0.919,  8.428
 -17.621, -0.919,  8.428
 -17.621, -0.919,  8.428
  -9.653, -2.911,  9.960
  -9.653, -2.911,  9.960
  -9.653, -2.911,  9.960
  -0.460, -5.057, 15.170
  -0.460, -5.057, 15.170
  -0.460, -5.057, 15.170
  15.936, -2.145, 17.775
  15.936, -2.145, 17.775
  15.936, -2.145, 17.775
  19.613,  4.597, 15.936
  19.613,  4.597, 15.936
  19.613,  4.597, 15.936
  19.613,  4.597, 15.936
  19.613,  6.129, 10.573
  19.613,  6.129, 10.573
  19.613,  6.129, 10.573
  19.154,  4.137,  8.581
  19.154,  4.137,  8.581
  19.154,  4.137,  8.581
  10.573, -0.613,  8.428
  10.573, -0.613,  8.428
  -0.766, -4.903, 10.879
  -0.766, -4.903, 10.879
  -0.766, -4.903, 10.879
 -11.492, -3.984, 11.339
 -11.492, -3.984, 11.339
 -11.492, -3.984, 11.339
 -19.000, -0.919,  8.428
 -19.000, -0.919,  8.428
 -19.000, -0.919,  8.428
 -19.460,  0.766,  5.976
 -19.460,  0.766,  5.976
 -19.460,  0.766,  5.976
 -19.460,  0.766,  3.065
 -17.928,  1.532,  3.065
 -17.928,  1.532,  3.065
 -17.928,  1.532,  3.065
  -9.807,  1.073,  2.911
  -9.807,  1.073,  2.911
  -9.807,  1.073,  2.911
  -1.839,  0.766,  3.677
  -1.839,  0.766,  3.677
  -1.839,  0.766,  3.677
   3.218,  1.839,  8.581
   3.218,  1.839,  8.581
   3.218,  1.839,  8.581
   3.218,  1.839,  8.581
   7.661,  1.686, 14.097
   7.661,  1.686, 14.097
   7.661,  1.686, 14.097
   9.960,  2.758, 19.460
   9.960,  2.758, 19.460
   9.960,  2.758, 19.460
   7.355,  6.282, 19.460
   7.355,  6.282, 19.460
   7.355,  6.282, 19.460
   3.524,  4.290, 18.847
   3.524,  4.290, 18.847
   3.524,  4.290, 18.847
   3.524,  4.290, 18.847
   0.613,  1.073, 10.266
   0.613,  1.073, 10.266
   0.613,  1.073, 10.266
  -1.226, -0.306,  1.992
  -1.226, -0.306,  1.992
   0.153,  1.226, -4.597
   0.153,  1.226, -4.597
   0.153,  1.226, -4.597
   1.226,  4.597, -6.589
   1.226,  4.597, -6.589
   1.226,  4.597, -6.589
   1.226,  4.597, -6.589
   0.613,  5.823, -5.669
   0.613,  5.823, -5.669
   0.613,  5.823, -5.669
   0.153,  7.202, -4.444
   0.153,  7.202, -4.444
   0.153,  7.202, -4.444
  -0.460,  7.661, -3.677
  -0.460,  7.661, -3.677
  -0.460,  7.661, -3.677
  -0.460,  7.968, -3.524
  -0.460,  7.968, -3.524
  -0.460,  7.968, -3.524
  -0.460,  7.968, -3.524
  -0.153,  8.274, -3.065
  -0.153,  8.274, -3.065
  -0.153,  8.274, -3.065
   0.460,  8.428, -2.145
   0.460,  8.428, -2.145
   0.460,  8.428, -2.145
   0.766,  8.274, -0.919
   0.766,  8.274, -0.919
   0.766,  8.274, -0.919
   0.766,  8.274, -0.919
   1.073,  8.274, -0.766
   1.073,  8.274, -0.766
   1.073,  8.274, -0.766
   1.379,  7.508, -0.613
   1.379,  7.508, -0.613
   1.379,  7.508, -0.613
   1.379,  7.202,  0.613
   1.379,  7.202,  0.613
   1.379,  7.202,  0.613
   1.226,  7.815,  3.065
   1.226,  7.815,  3.065
   1.226,  7.815,  3.065
   1.226,  7.815,  3.065
   1.379,  7.968,  3.984
   1.379,  7.968,  3.984
   1.379,  7.968,  3.984
   1.226,  7.661,  4.290
   1.226,  7.661,  4.290
   1.226,  7.661,  4.290
   0.766,  7.049,  6.282
   0.766,  7.049,  6.282
   0.766,  7.049,  6.282
   0.460,  7.049,  6.895
   0.460,  7.049,  6.895
   0.460,  7.049,  6.895
   0.460,  7.049,  6.895
   1.226,  7.508,  6.742
   1.226,  7.508,  6.742
   1.226,  7.508,  6.742
   1.073,  6.436,  7.815
   1.073,  6.436,  7.815
   1.073,  6.436,  7.815
   0.613,  6.282,  8.887
   0.613,  6.282,  8.887
   0.613,  6.282,  8.887
   1.226,  6.589,  9.041
   1.226,  6.589,  9.041
   1.226,  6.589,  9.041
   1.226,  6.589,  9.041
   1.686,  5.976,  9.194
   1.686,  5.976,  9.194
   1.686,  5.976,  9.194
   1.379,  5.823, 11.186
   1.379,  5.823, 11.186
   1.379,  5.823, 11.186
   1.073,  5.823, 11.492
   1.073,  5.823, 11.492
   1.073,  5.823, 11.492
   1.073,  5.823, 11.492
   0.766,  5.976, 12.105
   0.766,  5.976, 12.105
   0.766,  5.976, 12.105
   0.153,  5.823, 15.170
   0.153,  5.823, 15.170
   0.153,  5.823, 15.170
  -0.460,  5.976, 18.847
  -0.460,  5.976, 18.847
  -0.460,  5.976, 18.847
  -0.919,  6.436, 18.847
  -0.919,  6.436, 18.847
  -0.919,  6.436, 18.847
  -0.919,  6.436, 18.847
  -0.766,  5.057, 13.484
  -0.766,  5.057, 13.484
  -0.766,  5.057, 13.484
   0.306,  3.371,  5.823
   0.306,  3.371,  5.823
   0.306,  3.371,  5.823
   1.686,  3.371,  1.073
   1.686,  3.371,  1.073
   1.686,  3.371,  1.073
   2.145,  5.057, -0.919
   2.145,  5.057, -0.919
   2.145,  5.057, -0.919
   2.145,  5.057, -0.919
   1.839,  6.129, -2.758
   1.839,  6.129, -2.758
   1.839,  6.129, -2.758
   1.992,  6.589, -5.057
   1.992,  6.589, -5.057
   1.992,  6.589, -5.057
   1.839,  7.355, -5.057
   1.839,  7.355, -5.057
   1.839,  7.355, -5.057
   0.919,  7.355, -4.750
   0.919,  7.355, -4.750
   0.919,  7.355, -4.750
   0.919,  7.355, -4.750
  -0.153,  7.355, -5.057
  -0.153,  7.355, -5.057
  -0.153,  7.355, -5.057
  -0.153,  6.742, -6.589
  -0.153,  6.742, -6.589
  -0.153,  6.589, -5.516
  -0.153,  6.589, -5.516
  -0.153,  6.589, -5.516
  -0.153,  5.823, -4.597
  -0.153,  5.823, -4.597
  -0.153,  5.823, -4.597
   0.306,  4.903, -3.218
   0.306,  4.903, -3.218
   0.306,  4.903, -3.218
   0.613,  4.137,  0.153
   0.613,  4.137,  0.153
   0.613,  4.137,  0.153
   0.919,  4.137,  5.823
   0.919,  4.137,  5.823
   0.919,  4.137,  5.823
   0.919,  4.137,  5.823
   0.919,  5.057, 12.565
   0.919,  5.057, 12.565
   0.919,  5.057, 12.565
  -0.919,  6.129, 14.557
  -0.919,  6.129, 14.557
  -0.919,  6.129, 14.557
  -0.919,  6.742, 14.710
  -0.919,  6.742, 14.710
  -0.919,  6.742, 14.710
   0.153,  4.750, 13.484
   0.153,  4.750, 13.484
   0.153,  4.750, 13.484
   0.153,  4.750, 13.484
   0.306,  5.363, 13.944
   0.306,  5.363, 13.944
   0.306,  5.363, 13.944
   0.460,  5.210, 11.952
   0.460,  5.210, 11.952
   0.460,  5.210, 11.952
  -0.153,  4.444, 10.726
  -0.153,  4.444, 10.726
  -0.153,  4.444, 10.726
  -0.306,  4.137, 10.420
  -0.306,  4.137, 10.420
  -0.306,  4.137, 10.420
  -0.306,  4.137, 10.420
  -0.306,  4.444, 10.420
  -0.306,  4.444, 10.420
  -0.306,  4.444, 10.420
  -0.766,  3.524, 15.629
  -0.766,  3.524, 15.629
  -0.766,  3.524, 15.629
  -2.298,  4.444, 19.460
  -2.298,  4.444, 19.460
  -2.298,  4.444, 19.460
  -3.984,  4.137, 19.460
  -3.984,  4.137, 19.460
  -3.984,  4.137, 19.460
  -3.984,  4.137, 19.460
  -2.605,  1.226, 13.791
  -2.605,  1.226, 13.791
  -2.605,  1.226, 13.791
   0.460,  1.226,  3.831
   0.460,  1.226,  3.831
   0.460,  1.226,  3.831
   1.992,  1.226, -1.532
   1.992,  1.226, -1.532
   1.992,  1.226, -1.532
   1.992,  1.226, -1.532
   2.298,  3.677, -4.903
   2.298,  3.677, -4.903
   2.298,  3.677, -4.903
   3.677,  6.589, -8.121
   3.677,  6.589, -8.121
   3.677,  6.589, -8.121
   3.831,  5.823,-11.339
   3.831,  5.823,-11.339
   3.831,  5.823,-11.339
   1.992,  6.436, -7.968
   1.992,  6.436, -7.968
   1.992,  6.436, -7.968
   1.992,  6.436, -7.968
   0.153,  7.815, -4.137
   0.153,  7.815, -4.137
   0.153,  7.815, -4.137
  -0.460,  8.734, -0.766
  -0.460,  8.734, -0.766
  -0.460,  8.734, -0.766
  -0.613,  9.653,  2.911
  -0.613,  9.653,  2.911
  -0.613,  9.653,  2.911
   0.306,  9.041,  2.911
   0.306,  9.041,  2.911
   0.306,  9.041,  2.911
   0.306,  9.041,  2.911
   1.379,  7.202, -4.903
   1.379,  7.202, -4.903
   1.379,  7.202, -4.903
   1.686,  5.210, -6.282
   1.686,  5.210, -6.282
   1.686,  5.210, -6.282
   1.379,  4.597, -3.524
   1.379,  4.597, -3.524
   1.379,  4.597, -3.524
   1.073,  4.137, -0.153
   1.073,  4.137, -0.153
   1.073,  4.137, -0.153
   1.073,  4.137, -0.153
   1.073,  1.226,  2.452
   1.073,  1.226,  2.452
   1.073,  1.226,  2.452
   0.613,  1.992, 14.404
   0.613,  1.992, 14.404
   0.613,  1.992, 14.404
   0.306,  5.057, 19.460
   0.306,  5.057, 19.460
   0.306,  5.057, 19.460
  -0.306,  5.976, 19.460
  -0.306,  5.976, 19.460
  -0.306,  5.976, 19.460
  -0.306,  5.976, 19.460
  -0.306,  6.742, 19.000
  -0.306,  6.742, 19.000
  -0.306,  6.742, 19.000
  -0.306,  4.750, 12.871
  -0.306,  4.750, 12.871
  -0.306,  4.750, 12.871
   0.153,  4.137,  7.355
   0.153,  4.137,  7.355
   0.153,  4.137,  7.355
   0.153,  4.137,  7.355
   0.460,  4.750,  5.823
   0.460,  4.750,  5.823
   0.460,  4.750,  5.823
   0.153,  4.444,  6.129
   0.153,  4.444,  6.129
   0.153,  4.444,  6.129
   0.153,  4.290,  8.121
   0.153,  4.290,  8.121
   0.153,  4.290,  8.121
   0.153,  5.210, 11.799
   0.153,  5.210, 11.799
   0.153,  5.210, 11.799
   0.153,  5.210, 11.799
  -0.306,  4.444, 13.484
  -0.306,  4.444, 13.484
  -0.306,  4.444, 13.484
  -1.379,  4.137, 18.081
  -1.379,  4.137, 18.081
  -1.379,  4.137, 18.081
  -3.524,  4.137, 19.460
  -3.524,  4.137, 19.460
  -3.524,  4.137, 19.460
  -3.831,  3.065, 19.000
  -3.831,  3.065, 19.000
  -3.831,  3.065, 19.000
  -3.831,  3.065, 19.000
  -0.919,  1.379, 11.186
  -0.919,  1.379, 11.186
  -0.919,  1.379, 11.186
   1.839, -0.306,  1.226
   1.839, -0.306,  1.226
   1.839, -0.306,  1.226
   2.605,  1.686, -3.677
   2.605,  1.686, -3.677
   2.605,  1.686, -3.677
   3.218,  5.057, -8.121
   3.218,  5.057, -8.121
   3.218,  5.057, -8.121
   3.218,  5.057, -8.121
   5.057,  7.049,-12.258
   5.057,  7.049,-12.258
   5.057,  7.049,-12.258
   3.371,  6.589, -9.347
   3.371,  6.589, -9.347
   3.371,  6.589, -9.347
  -0.613,  7.202, -3.371
  -0.613,  7.202, -3.371
  -0.613,  7.202, -3.371
  -0.613,  7.202, -3.371
  -2.145,  8.734,  0.919
  -2.145,  8.734,  0.919
  -2.145,  8.734,  0.919
  -1.532,  9.960,  4.750
  -1.532,  9.960,  4.750
  -1.532,  9.960,  4.750
  -1.532, 10.113,  4.597
  -1.532, 10.113,  4.597
  -1.532, 10.113,  4.597
   1.686,  9.347,  1.532
   1.686,  9.347,  1.532
   1.686,  9.347,  1.532
   1.686,  9.347,  1.532
   3.371,  8.887, -0.613
   3.371,  8.887, -0.613
   3.371,  8.887, -0.613
   3.218,  7.968, -5.210
   3.218,  7.968, -5.210
   3.218,  7.968, -5.210
   2.145,  5.210,-12.105
   2.145,  5.210,-12.105
   2.145,  5.210,-12.105
   0.919,  0.613,-14.097
   0.919,  0.613,-14.097
   0.919,  0.613,-14.097
   0.919,  0.613,-14.097
   1.226, -1.686, -6.589
   1.226, -1.686, -6.589
   1.226, -1.686, -6.589
   0.919, -1.686, 11.032
   0.919, -1.686, 11.032
   0.919, -1.686, 11.032
  -1.073,  0.306, 19.460
  -1.073,  0.306, 19.460
  -1.073,  0.306, 19.460
   0.153,  7.508, 19.460
   0.153,  7.508, 19.460
   0.153,  7.508, 19.460
   0.153,  7.508, 19.460
   1.839,  8.734, 19.307
   1.839,  8.734, 19.307
   1.839,  8.734, 19.307
   1.992,  4.903, 11.186
   1.992,  4.903, 11.186
   1.992,  4.903, 11.186
   2.145,  4.597,  5.363
   2.145,  4.597,  5.363
   2.145,  4.597,  5.363
   1.992,  4.137,  1.992
   1.992,  4.137,  1.992
   1.992,  4.137,  1.992
   1.992,  4.137,  1.992
   2.145,  4.750,  2.911
   2.145,  4.750,  2.911
   2.145,  4.750,  2.911
   1.226,  5.057,  6.742
   1.226,  5.057,  6.742
   1.226,  5.057,  6.742
   0.153,  4.597,  8.887
   0.153,  4.597,  8.887
   0.153,  4.597,  8.887
   0.153,  4.597,  8.887
  -0.766,  4.444, 12.718
  -0.766,  4.444, 12.718
  -0.766,  4.444, 12.718
  -4.290,  3.218, 19.154
  -4.290,  3.218, 19.154
  -4.290,  3.218, 19.154
  -8.887,  2.452, 19.460
  -8.887,  2.452, 19.460
  -8.887,  2.452, 19.460
  -7.049,  1.992, 19.154
  -7.049,  1.992, 19.154
  -7.049,  1.992, 19.154
  -7.049,  1.992, 19.154
   2.298, -2.298,  4.903
   2.298, -2.298,  4.903
   2.298, -2.298,  4.903
   5.516, -2.911, -5.669
   5.516, -2.911, -5.669
   5.516, -2.911, -5.669
   5.210,  3.218,-10.573
   5.210,  3.218,-10.573
   5.210,  3.218,-10.573
   6.436,  6.742,-14.404
   6.436,  6.742,-14.404
   6.436,  6.742,-14.404
   6.436,  6.742,-14.404
   5.057,  7.202,-11.645
   5.057,  7.202,-11.645
   5.057,  7.202,-11.645
  -0.306,  5.823, -3.984
  -0.306,  5.823, -3.984
  -0.306,  5.823, -3.984
  -1.839,  7.815,  1.839
  -1.839,  7.815,  1.839
  -1.839,  7.815,  1.839
  -0.919,  7.968, -1.226
  -0.919,  7.968, -1.226
  -0.919,  7.968, -1.226
  -0.919,  7.968, -1.226
   1.686,  5.363,-11.186
   1.686,  5.363,-11.186
   1.686,  5.363,-11.186
   4.290,  2.145, -7.661
   4.290,  2.145, -7.661
   4.290,  2.145, -7.661
  -2.145, -1.532, 14.710
  -2.145, -1.532, 14.710
  -2.145, -1.532, 14.710
  -9.347,  6.589, 19.460
  -9.347,  6.589, 19.460
  -9.347,  6.589, 19.460
  -9.347,  6.589, 19.460
  -0.766, 10.420, 16.089
  -0.766, 10.420, 16.089
  -0.766, 10.420, 16.089
   9.500,  2.758, -7.508
   9.500,  2.758, -7.508
   9.500,  2.758, -7.508
  11.952,  1.226,-19.613
  11.952,  1.226,-19.613
  11.952,  1.226,-19.613
  11.952,  1.226,-19.613
   4.137,  2.758, -7.508
   4.137,  2.758, -7.508
   4.137,  2.758, -7.508
  -6.742,  6.436, 18.387
  -6.742,  6.436, 18.387
  -6.742,  6.436, 18.387
 -10.266, 10.879, 19.460
 -10.266, 10.879, 19.460
 -10.266, 10.879, 19.460
  -1.839,  4.903, 10.113
  -1.839,  4.903, 10.113
  -1.839,  4.903, 10.113
  -1.839,  4.903, 10.113
   6.282,  2.911, -1.992
   6.282,  2.911, -1.992
   6.282,  2.911, -1.992
   7.815,  3.984, -8.734
   7.815,  3.984, -8.734
   7.815,  3.984, -8.734
   7.202,  5.057,-13.331
   7.202,  5.057,-13.331
   7.202,  5.057,-13.331
   3.831,  3.984,-14.097
   3.831,  3.984,-14.097
   3.831,  3.984,-14.097
   1.073,  2.298,-12.565
   1.073,  2.298,-12.565
   1.073,  2.298,-12.565
   0.919,  0.919, -9.194
   0.919,  0.919, -9.194
   0.919,  0.919, -9.194
   0.919, -0.460, -3.677
   0.919, -0.460, -3.677
   0.919, -0.460, -3.677
  -1.992, -1.686,  8.428
  -1.992, -1.686,  8.428
  -1.992, -1.686,  8.428
  -1.992, -1.686,  8.428
  -2.758,  0.613, 18.541
  -2.758,  0.613, 18.541
  -2.758,  0.613, 18.541
  -3.065,  4.290, 19.460
  -3.065,  4.290, 19.460
  -3.065,  4.290, 19.460
  -3.065,  7.202, 19.460
  -3.065,  7.202, 19.460
  -3.065,  7.202, 19.460
  -3.065,  7.202, 16.242
  -0.613,  6.895, 16.242
  -0.613,  6.895, 16.242
  -0.613,  6.895, 16.242
   0.919,  3.831,  7.049
   0.919,  3.831,  7.049
   0.919,  3.831,  7.049
   1.686,  3.065,  2.758
   1.686,  3.065,  2.758
   1.686,  3.065,  2.758
   1.532,  3.984,  2.605
   1.532,  3.984,  2.605
   1.532,  3.984,  2.605
   1.379,  5.363,  5.976
   1.379,  5.363,  5.976
   1.379,  5.363,  5.976
   1.379,  5.363,  5.976
   1.226,  4.750,  7.968
   1.226,  4.750,  7.968
   1.226,  4.750,  7.968
   0.460,  4.444,  9.960
   0.460,  4.444,  9.960
   0.460,  4.444,  9.960
   0.460,  4.597, 11.339
   0.460,  4.597, 11.339
   0.460,  4.597, 11.339
   0.460,  4.597, 11.339
  -0.460,  4.290, 10.113
  -0.460,  4.290, 10.113
  -0.460,  4.290, 10.113
  -0.153,  4.444,  9.807
  -0.153,  4.444,  9.807
  -0.153,  4.444,  9.807
   0.153,  4.444,  9.347
   0.153,  4.444,  9.347
   0.153,  4.444,  9.347
  -0.153,  3.831,  8.581
  -0.153,  3.831,  8.581
  -0.153,  3.831,  8.581
  -0.153,  3.831,  8.581
  -0.153,  3.984,  8.274
  -0.153,  3.984,  8.274
  -0.153,  3.984,  8.274
   0.306,  4.290,  8.887
   0.306,  4.290,  8.887
   0.306,  4.290,  8.887
   0.613,  3.831,  8.887
   0.613,  3.831,  8.887
   0.613,  3.831,  8.887
   0.460,  3.831,  9.347
   0.460,  3.831,  9.347
   0.460,  3.831,  9.347
   0.460,  3.831,  9.347
   0.460,  4.137,  9.194
   0.460,  4.137,  9.194
   0.460,  4.137,  9.194
   0.460,  3.984,  9.194
   0.460,  3.984,  9.194
   0.460,  3.984,  9.194
   0.460,  3.677,  9.347
   0.460,  3.677,  9.347
   0.460,  3.677,  9.347
   0.306,  3.677,  9.041
   0.306,  3.677,  9.041
   0.306,  3.677,  9.041
   0.306,  3.677,  8.734
   0.306,  3.677,  8.734
   0.306,  3.677,  8.734
   0.613,  3.524,  9.807
   0.613,  3.524,  9.807
   0.613,  3.524,  9.807
  -1.073,  1.839, 16.089
  -1.073,  1.839, 16.089
  -1.073,  1.839, 16.089
  -1.073,  1.839, 16.089
  -4.597,  0.306, 19.460
  -4.597,  0.306, 19.460
  -4.597,  0.306, 19.460
  -6.129,  1.073, 19.460
  -6.129,  1.073, 19.460
  -6.129,  1.073, 19.460
  -2.145, -1.992, 10.879
  -2.145, -1.992, 10.879
  -2.145, -1.992, 10.879
   1.992, -3.065,  0.919
   1.992, -3.065,  0.919
   1.992, -3.065,  0.919
   1.992, -3.065,  0.919
   3.065,  0.766, -3.524
   3.065,  0.766, -3.524
   3.065,  0.766, -3.524
   3.831,  6.129, -5.976
   3.831,  6.129, -5.976
   3.831,  6.129, -5.976
   6.129,  7.661,-12.105
   6.129,  7.661,-12.105
   6.129,  7.661,-12.105
   4.597,  6.282,-10.113
   4.597,  6.282,-10.113
   4.597,  6.282,-10.113
   4.597,  6.282,-10.113
  -0.613,  6.589, -2.911
  -0.613,  6.589, -2.911
  -0.613,  6.589, -2.911
  -2.911,  8.121,  1.226
  -2.911,  8.121,  1.226
  -2.911,  8.121,  1.226
  -2.911,  9.041,  4.290
  -2.911,  9.041,  4.290
  -2.911,  9.041,  4.290
  -0.919,  9.807,  6.129
  -0.919,  9.807,  6.129
  -0.919,  9.807,  6.129
  -0.919,  9.807,  6.129
   0.919,  9.500,  4.444
   0.919,  9.500,  4.444
   0.919,  9.500,  4.444
   1.992,  9.041,  2.758
   1.992,  9.041,  2.758
   1.992,  9.041,  2.758
   2.298,  9.347,  3.371
   2.298,  9.347,  3.371
   2.298,  9.347,  3.371
   0.919,  8.887,  3.524
   0.919,  8.887,  3.524
   0.919,  8.887,  3.524
   0.919,  8.887,  3.524
   0.460,  8.581,  2.452
   0.460,  8.581,  2.452
   0.460,  8.581,  2.452
   0.153,  9.194,  3.065
   0.153,  9.194,  3.065
   0.153,  9.194,  3.065
  -0.153,  8.734,  2.758
  -0.153,  8.734,  2.758
  -0.153,  8.734,  2.758
  -0.153,  8.734,  2.758
   0.306,  9.041,  2.145
   0.306,  9.041,  2.145
   0.306,  9.041,  2.145
   0.613,  9.041,  1.992
   0.613,  9.041,  1.992
   0.613,  9.041,  1.992
   0.919,  8.887,  2.605
   0.919,  8.887,  2.605
   0.919,  8.887,  2.605
   0.919,  9.194,  3.677
   0.919,  9.194,  3.677
   0.919,  9.194,  3.677
   0.919,  9.194,  3.677
   0.919,  9.194,  3.524
   0.919,  9.194,  3.524
   0.919,  9.194,  3.524
   0.919,  8.887,  2.758
   0.919,  8.887,  2.758
   0.919,  8.887,  2.758
   0.613,  8.734,  2.145
   0.613,  8.734,  2.145
   0.613,  8.734,  2.145
   0.613,  8.428, -0.613
   0.613,  8.428, -0.613
   0.613,  8.428, -0.613
   0.613,  8.428, -0.613
   1.839,  7.508, -8.121
   1.839,  7.508, -8.121
   1.839,  7.508, -8.121
   3.831,  4.290,-16.549
   3.831,  4.290,-16.549
   3.831,  4.290,-16.549
   3.984, -0.919,-13.637
   3.984, -0.919,-13.637
   3.984, -0.919,-13.637
   1.532, -1.686,  5.210
   1.532, -1.686,  5.210
   1.532, -1.686,  5.210
   1.532, -1.686,  5.210
  -2.145, -2.605, 17.008
  -2.145, -2.605, 17.008
  -2.145, -2.605, 17.008
  -2.605,  2.758, 19.460
  -2.605,  2.758, 19.460
  -2.605,  2.758, 19.460
  -0.766,  8.274, 19.460
  -0.766,  8.274, 19.460
  -0.766,  8.274, 19.460
  -0.766,  8.274, 19.460
   0.919,  6.742, 14.863
   0.919,  6.742, 14.863
   0.919,  6.742, 14.863
   1.379,  4.137,  6.589
   1.379,  4.137,  6.589
   1.379,  4.137,  6.589
   1.073,  3.524,  2.605
   1.073,  3.524,  2.605
   1.073,  3.524,  2.605
   1.226,  4.903,  3.677
   1.226,  4.903,  3.677
   1.226,  4.903,  3.677
   1.226,  4.903,  3.677
   1.226,  5.210,  7.508
   1.226,  5.210,  7.508
   1.226,  5.210,  7.508
   0.460,  4.903, 10.420
   0.460,  4.903, 10.420
   0.460,  4.903, 10.420
  -0.153,  4.444, 10.573
  -0.153,  4.444, 10.573
  -0.153,  4.444, 10.573
  -0.153,  4.597,  9.500
  -0.153,  4.597,  9.500
  -0.153,  4.597,  9.500
  -0.153,  4.597,  9.500
  -0.153,  4.750,  9.347
  -0.153,  4.750,  9.347
  -0.153,  4.750,  9.347
   0.153,  4.444,  8.887
   0.153,  4.444,  8.887
   0.153,  4.444,  8.887
   0.766,  4.444,  8.121
   0.766,  4.444,  8.121
   0.766,  4.444,  8.121
   0.766,  4.290,  8.581
   0.766,  4.290,  8.581
   0.766,  4.290,  8.581
   0.766,  4.290,  8.581
   0.766,  4.137,  9.347
   0.766,  4.137,  9.347
   0.766,  4.137,  9.347
   0.460,  3.984,  9.347
   0.460,  3.984,  9.347
   0.460,  3.984,  9.347
   0.460,  4.290,  9.347
   0.460,  4.290,  9.347
   0.460,  4.290,  9.347
   0.153,  4.137,  9.041
   0.153,  4.137,  9.041
   0.153,  4.137,  9.041
   0.153,  4.137,  9.041
   0.153,  3.831,  9.041
   0.153,  3.831,  9.041
   0.153,  3.831,  9.041
   0.153,  3.984,  9.041
   0.153,  3.984,  9.041
   0.153,  3.984,  9.041
   0.153,  3.984,  9.500
   0.153,  3.984,  9.500
   0.153,  3.984,  9.500
   0.153,  3.984,  9.500
   0.306,  3.831,  9.347
   0.306,  3.831,  9.347
   0.306,  3.831,  9.347
   0.460,  3.831,  9.194
   0.460,  3.831,  9.194
   0.460,  3.831,  9.194
   0.460,  3.677,  9.960
   0.460,  3.677,  9.960
   0.460,  3.677,  9.960
  -0.766,  2.911, 13.944
  -0.766,  2.911, 13.944
  -0.766,  2.911, 13.944
  -0.766,  2.911, 13.944
  -3.218,  1.839, 19.307
  -3.218,  1.839, 19.307
  -3.218,  1.839, 19.307
  -5.976,  2.145, 19.460
  -5.976,  2.145, 19.460
  -5.976,  2.145, 19.460
  -2.605,  0.306, 13.331
  -2.605,  0.306, 13.331
  -2.605,  0.306, 13.331
   2.911, -1.073,  1.073
   2.911, -1.073,  1.073
   2.911, -1.073,  1.073
   2.911, -1.073,  1.073
   3.371,  1.226, -3.831
   3.371,  1.226, -3.831
   3.371,  1.226, -3.831
   3.371,  5.976, -4.597
   3.371,  5.976, -4.597
   3.371,  5.976, -4.597
   4.444,  8.734, -5.363
   4.444,  8.734, -5.363
   4.444,  8.734, -5.363
   3.831,  7.815, -6.436
   3.831,  7.815, -6.436
   3.831,  7.815, -6.436
   3.831,  7.815, -6.436
   0.919,  7.202, -1.532
   0.919,  7.202, -1.532
   0.919,  7.202, -1.532
  -1.073,  7.661,  2.145
  -1.073,  7.661,  2.145
  -1.073,  7.661,  2.145
  -1.226,  8.274,  3.984
  -1.226,  8.274,  3.984
  -1.226,  8.274,  3.984
  -0.613,  8.887,  6.742
  -0.613,  8.887,  6.742
  -0.613,  8.887,  6.742
  -0.613,  8.887,  6.742
   0.460,  8.428,  5.976
   0.460,  8.428,  5.976
   0.460,  8.428,  5.976
   1.379,  8.581,  6.129
   1.379,  8.581,  6.129
   1.379,  8.581,  6.129
   1.226,  8.734,  7.049
   1.226,  8.734,  7.049
   1.226,  8.734,  7.049
   1.226,  8.734,  7.049
   0.766,  8.121,  5.363
   0.766,  8.121,  5.363
   0.766,  8.121,  5.363
   0.613,  8.121,  4.137
   0.613,  8.121,  4.137
   0.613,  8.121,  4.137
   0.460,  8.428,  4.597
   0.460,  8.428,  4.597
   0.460,  8.428,  4.597
   0.460,  8.121,  4.137
   0.460,  8.121,  4.137
   0.460,  8.121,  4.137
   0.460,  8.121,  4.137
   0.613,  7.968,  3.218
   0.613,  7.968,  3.218
   0.613,  7.968,  3.218
   0.766,  8.121,  3.524
   0.766,  8.121,  3.524
   0.766,  8.121,  3.524
   0.919,  8.734,  4.750
   0.919,  8.734,  4.750
   0.919,  8.734,  4.750
   0.460,  8.274,  5.210
   0.460,  8.274,  5.210
   0.460,  8.274,  5.210
   0.460,  8.274,  5.210
   0.613,  8.274,  4.290
   0.613,  8.274,  4.290
   0.613,  8.274,  4.290
   1.226,  8.274,  2.758
   1.226,  8.274,  2.758
   1.226,  8.274,  2.758
   1.379,  7.815,  0.306
   1.379,  7.815,  0.306
   1.379,  7.815,  0.306
   1.686,  7.355, -2.758
   1.686,  7.355, -2.758
   1.686,  7.355, -2.758
   1.686,  7.355, -2.758
   1.839,  6.436, -3.677
   1.839,  6.436, -3.677
   1.839,  6.436, -3.677
   1.839,  4.903, -1.839
   1.839,  4.903, -1.839
   1.839,  4.903, -1.839
   1.686,  2.911,  1.532
   1.686,  2.911,  1.532
   1.686,  2.911,  1.532
   0.460,  1.532,  7.815
   0.460,  1.532,  7.815
   0.460,  1.532,  7.815
   0.460,  1.532,  7.815
  -0.613,  1.532, 17.008
  -0.613,  1.532, 17.008
  -0.613,  1.532, 17.008
  -2.452,  2.605, 19.460
  -2.452,  2.605, 19.460
  -2.452,  2.605, 19.460
  -3.371,  5.057, 19.460
  -3.371,  5.057, 19.460
  -3.371,  5.057, 19.460
  -3.371,  5.057, 19.460
  -2.605,  4.444, 19.000
  -2.605,  4.444, 19.000
  -2.605,  4.444, 19.000
  -1.532,  2.145, 12.412
  -1.532,  2.145, 12.412
  -1.532,  2.145, 12.412
  -0.613,  2.911,  7.202
  -0.613,  2.911,  7.202
  -0.613,  2.911,  7.202
   0.919,  4.444,  3.524
   0.919,  4.444,  3.524
   0.919,  4.444,  3.524
   0.919,  4.444,  3.524
   1.839,  5.516, -0.306
   1.839,  5.516, -0.306
   1.839,  5.516, -0.306
   1.992,  6.282, -2.758
   1.992,  6.282, -2.758
   1.992,  6.282, -2.758
   1.839,  6.895, -4.597
   1.839,  6.895, -4.597
   1.839,  6.895, -4.597
   1.226,  6.742, -4.750
   1.226,  6.742, -4.750
   1.226,  6.742, -4.750
   1.226,  6.742, -4.750
   0.306,  5.669, -3.677
   0.306,  5.669, -3.677
   0.306,  5.669, -3.677
  -0.766,  4.597, -0.613
  -0.766,  4.597, -0.613
  -0.766,  4.597, -0.613
  -1.532,  3.371,  5.057
  -1.532,  3.371,  5.057
  -1.532,  2.145, 12.105
  -1.532,  2.145, 12.105
  -1.532,  2.145, 12.105
  -1.532,  2.145, 12.105
  -0.613,  2.605, 19.307
  -0.613,  2.605, 19.307
  -0.613,  2.605, 19.307
   2.452,  5.669, 19.460
   2.452,  5.669, 19.460
   2.452,  5.669, 19.460
   4.903,  5.823, 16.549
   4.903,  5.823, 16.549
   4.903,  5.823, 16.549
   4.290,  3.984, 10.573
   4.290,  3.984, 10.573
   2.298,  3.218,  5.516
   2.298,  3.218,  5.516
   2.298,  3.218,  5.516
   0.153,  3.831,  2.911
   0.153,  3.831,  2.911
   0.153,  3.831,  2.911
  -2.298,  4.597,  3.524
  -2.298,  4.597,  3.524
  -2.298,  4.597,  3.524
  -2.298,  4.597,  3.524
  -4.137,  4.444,  4.750
  -4.137,  4.444,  4.750
  -4.137,  4.444,  4.750
  -6.589,  3.524,  6.129
  -6.589,  3.524,  6.129
  -6.589,  3.524,  6.129
  -8.581,  3.065,  9.194
  -8.581,  3.065,  9.194
  -8.581,  3.065,  9.194
  -9.500,  2.911, 10.573
  -9.500,  2.911, 10.573
  -9.500,  2.911, 10.573
  -9.500,  2.911, 10.573
  -9.194,  1.992, 10.726
  -9.194,  1.992, 10.726
  -9.194,  1.992, 10.726
  -6.895,  1.532, 11.492
  -6.895,  1.532, 11.492
  -6.895,  1.532, 11.492
  -2.145,  1.379, 10.113
  -2.145,  1.379, 10.113
  -2.145,  1.379, 10.113
   2.911,  2.298,  9.807
   2.911,  2.298,  9.807
   2.911,  2.298,  9.807
   2.911,  2.298,  9.807
   7.355,  3.984,  9.960
   7.355,  3.984,  9.960
   7.355,  3.984,  9.960
  11.186,  5.057,  9.500
  11.186,  5.057,  9.500
  11.186,  5.057,  9.500
  12.871,  6.129,  9.347
  12.871,  6.129,  9.347
  12.871,  6.129,  9.347
  10.879,  6.129,  8.734
  10.879,  6.129,  8.734
  10.879,  6.129,  8.734
  10.879,  6.129,  8.734
   7.049,  3.984,  6.742
   7.049,  3.984,  6.742
   7.049,  3.984,  6.742
   3.218,  2.758,  7.508
   3.218,  2.758,  7.508
   3.218,  2.758,  7.508
  -1.073,  2.298, 10.113
  -1.073,  2.298, 10.113
  -1.073,  2.298, 10.113
  -1.073,  2.298, 11.339
  -5.516,  2.145, 11.339
  -5.516,  2.145, 11.339
  -5.516,  2.145, 11.339
  -9.041,  2.605, 10.266
  -9.041,  2.605, 10.266
  -9.041,  2.605, 10.266
 -11.492,  2.911,  9.347
 -11.492,  2.911,  9.347
 -11.492,  2.911,  9.347
 -11.799,  1.379,  8.734
 -11.799,  1.379,  8.734
 -11.799,  1.379,  8.734
  -8.734,  0.766,  8.121
  -8.734,  0.766,  8.121
  -8.734,  0.766,  8.121
  -8.734,  0.766,  8.121
  -3.218,  0.613,  8.734
  -3.218,  0.613,  8.734
  -3.218,  0.613,  8.734
   3.065,  1.686, 10.726
   3.065,  1.686, 10.726
   3.065,  1.686, 10.726
   8.274,  4.290, 11.339
   8.274,  4.290, 11.339
   8.274,  4.290, 11.339
   8.274,  4.290, 11.339
  10.726,  3.984, 10.573
  10.726,  3.984, 10.573
  10.726,  3.984, 10.573
  10.573,  3.984, 11.032
  10.573,  3.984, 11.032
  10.573,  3.984, 11.032
   8.274,  3.984, 10.266
   8.274,  3.984, 10.266
   8.274,  3.984, 10.266
   4.750,  3.065,  8.121
   4.750,  3.065,  8.121
   4.750,  3.065,  8.121
   4.750,  3.065,  8.121
   1.839,  2.298,  6.895
   1.839,  2.298,  6.895
   1.839,  2.298,  6.895
  -1.073,  3.065,  9.041
  -1.073,  3.065,  9.041
  -1.073,  3.065,  9.041
  -4.444,  2.298, 11.645
  -4.444,  2.298, 11.645
  -4.444,  2.298, 11.645
  -8.121,  1.379, 10.726
  -8.121,  1.379, 10.726
  -8.121,  1.379, 10.726
  -8.121,  1.379, 10.726
  -9.960,  1.992, 10.113
  -9.960,  1.992, 10.113
  -9.960,  1.992, 10.113
  -9.807,  2.452, 10.113
  -9.807,  2.452, 10.113
  -9.807,  2.452, 10.113
  -7.508,  1.073,  8.887
  -7.508,  1.073,  8.887
  -7.508,  1.073,  8.887
  -7.508,  1.073,  8.887
  -3.218,  1.532,  9.194
  -3.218,  1.532,  9.194
  -3.218,  1.532,  9.194
   2.758,  2.452,  9.194
   2.758,  2.452,  9.194
   2.758,  2.452,  9.194
   9.041,  3.371,  9.807
   9.041,  3.371,  9.807
   9.041,  3.371,  9.807
  12.871,  4.597, 10.113
  12.871,  4.597, 10.113
  12.871,  4.597, 10.113
  12.871,  4.597, 10.113
  12.718,  5.516, 10.113
  12.718,  5.516, 10.113
  12.718,  5.516, 10.113
   8.734,  3.831,  8.887
   8.734,  3.831,  8.887
   8.734,  3.831,  8.887
   3.218,  2.145,  8.734
   3.218,  2.145,  8.734
   3.218,  2.145,  8.734
  -2.145,  1.379,  9.194
  -2.145,  1.379,  9.194
  -2.145,  1.379,  9.194
  -2.145,  1.379,  9.194
  -7.049,  1.686, 10.879
  -7.049,  1.686, 10.879
  -7.049,  1.686, 10.879
 -10.879,  2.298, 10.420
 -10.879,  2.298, 10.420
 -10.879,  2.298, 10.420
 -13.331,  1.839,  8.581
 -13.331,  1.839,  8.581
 -13.331,  1.839,  8.581
 -11.032,  1.532,  7.815
 -11.032,  1.532,  7.815
 -11.032,  1.532,  7.815
 -11.032,  1.532,  7.815
  -4.137,  1.686,  7.049
  -4.137,  1.686,  7.049
  -4.137,  1.686,  7.049
   3.524,  2.605,  7.202
   3.524,  2.605,  7.202
   3.524,  2.605,  7.202
   7.968,  4.137,  9.807
   7.968,  4.137,  9.807
   7.968,  4.137,  9.807
   8.581,  5.057, 10.573
   8.581,  5.057, 10.573
   8.581,  5.057, 10.573
   8.581,  5.057, 10.573
   5.823,  4.290, 10.266
   5.823,  4.290, 10.266
   5.823,  4.290, 10.266
   2.758,  3.677, 10.726
   2.758,  3.677, 10.726
   2.758,  3.677, 10.726
   0.460,  3.677, 10.573
   0.460,  3.677, 10.573
   0.460,  3.677, 10.573
   0.460,  3.677, 10.573
  -1.073,  3.524,  9.347
  -1.073,  3.524,  9.347
  -1.073,  3.524,  9.347
  -1.686,  3.524,  8.887
  -1.686,  3.524,  8.887
  -1.686,  3.524,  8.887
  -1.686,  3.831,  8.274
  -1.686,  3.831,  8.274
  -1.686,  3.831,  8.274
  -1.226,  3.677,  8.121
  -1.226,  3.677,  8.121
  -1.226,  3.677,  8.121
  -1.226,  3.677,  8.121
  -0.766,  3.831,  8.581
  -0.766,  3.831,  8.581
  -0.766,  3.831,  8.581
  -0.766,  3.677,  9.041
  -0.766,  3.677,  9.041
  -0.766,  3.677,  9.041
   0.613,  3.984,  9.500
   0.613,  3.984,  9.500
   0.613,  3.984,  9.500
   1.073,  4.137,  9.653
   1.073,  4.137,  9.653
   1.073,  4.137,  9.653
   1.073,  4.137,  9.653
   0.919,  3.831,  9.960
   0.919,  3.831,  9.960
   0.919,  3.831,  9.960
   0.766,  3.831,  9.347
   0.766,  3.831,  9.347
   0.766,  3.831,  9.347
   0.460,  3.984,  9.041
   0.460,  3.984,  9.041
   0.460,  3.984,  9.041
   0.153,  3.677,  8.887
   0.153,  3.677,  8.887
   0.153,  3.677,  8.887
   0.153,  3.677,  8.887
  -0.306,  3.831,  8.887
  -0.306,  3.831,  8.887
  -0.306,  3.831,  8.887
  -0.153,  3.984,  8.887
  -0.153,  3.984,  8.887
  -0.153,  3.984,  8.887
  -0.153,  3.524,  9.041
  -0.153,  3.524,  9.041
  -0.153,  3.524,  9.041
  -0.153,  3.524,  9.500
  -0.153,  3.831,  9.500
  -0.153,  3.831,  9.500
  -0.153,  3.831,  9.500
   0.460,  3.984,  9.500
   0.460,  3.984,  9.500
   0.460,  3.984,  9.500
   0.460,  3.677,  9.194
   0.460,  3.677,  9.194
   0.460,  3.677,  9.194
   0.306,  3.831,  9.347
   0.306,  3.831,  9.347
   0.306,  3.831,  9.347
   0.306,  3.831,  9.347
   0.460,  3.984,  8.887
   0.460,  3.984,  8.887
   0.460,  3.984,  8.887
   0.306,  3.831,  8.887
   0.306,  3.831,  8.887
   0.306,  3.831,  8.887
   0.306,  3.831,  9.041
   0.306,  3.831,  9.041
   0.306,  3.831,  9.041
   0.306,  3.831,  9.041
   0.306,  3.831,  9.041
   0.306,  3.831,  9.041
   0.306,  3.831,  9.041
   0.306,  3.831,  9.194
   0.306,  3.831,  9.194
   0.306,  3.831,  9.194
   0.306,  3.831,  9.041
   0.306,  3.831,  9.041
   0.306,  3.831,  9.041
   0.153,  3.831,  9.041
   0.153,  3.831,  9.041
   0.153,  3.831,  9.041
   0.306,  3.984,  9.041
   0.306,  3.984,  9.041
   0.306,  3.984,  9.041
   0.306,  3.984,  9.041
   0.460,  3.831,  9.194
   0.460,  3.831,  9.194
   0.460,  3.831,  9.194
   0.306,  3.677,  8.887
   0.306,  3.677,  8.887
   0.306,  3.677,  8.887
   0.306,  3.984,  9.041
   0.306,  3.984,  9.041
   0.306,  3.984,  9.041
   0.306,  3.677,  8.581
   0.306,  3.677,  8.581
   0.306,  3.677,  8.581
   0.306,  3.677,  8.581
   0.306,  3.524,  8.274
   0.306,  3.524,  8.274
   0.306,  3.524,  8.274
   0.153,  3.218,  7.661
   0.153,  3.218,  7.661
   0.153,  3.218,  7.661
   0.613,  3.371,  8.581
   0.613,  3.371,  8.581
   0.613,  3.371,  8.581
   0.613,  3.371,  8.581
   0.766,  3.065, 10.726
   0.766,  3.065, 10.726
   0.766,  3.065, 10.726
   0.153,  1.532, 13.944
   0.153,  1.532, 13.944
   0.153,  1.532, 13.944
  -1.532,  1.226, 19.154
  -1.532,  1.226, 19.154
  -1.532,  1.226, 19.154
  -2.298,  1.379, 18.541
  -2.298,  1.379, 18.541
  -2.298,  1.379, 18.541
  -2.298,  1.379, 18.541
  -1.073,  1.226, 12.718
  -1.073,  1.226, 12.718
  -1.073,  1.226, 12.718
  -0.460,  1.839,  7.968
  -0.460,  1.839,  7.968
  -0.460,  1.839,  7.968
  -0.460,  3.218,  5.057
  -0.460,  3.218,  5.057
  -0.460,  3.218,  5.057
   0.766,  6.129,  3.371
   0.766,  6.129,  3.371
   0.766,  6.129,  3.371
   0.766,  6.129,  3.371
   1.532,  7.355,  0.460
   1.532,  7.355,  0.460
   1.532,  7.355,  0.460
   1.532,  7.202, -1.379
   1.532,  7.202, -1.379
   1.532,  7.202, -1.379
   1.532,  7.202, -1.073
   1.532,  7.202, -1.073
   1.532,  7.202, -1.073
   1.226,  6.742, -0.306
   1.226,  6.742, -0.306
   1.226,  6.742, -0.306
   1.226,  6.742, -0.306
   1.226,  6.129,  0.613
   1.226,  6.129,  0.613
   1.226,  6.129,  0.613
   1.379,  4.444,  1.992
   1.379,  4.444,  1.992
   1.379,  4.444,  1.992
   1.073,  1.839,  4.903
   1.073,  1.839,  4.903
   1.073,  1.839,  4.903
   0.306,  0.613, 13.637
   0.306,  0.613, 13.637
   0.306,  0.613, 13.637
   0.306,  0.613, 13.637
  -0.460,  0.613, 19.307
  -0.460,  0.613, 19.307
  -0.460,  0.613, 19.307
  -1.532,  0.613, 19.460
  -1.532,  0.613, 19.460
  -1.532,  0.613, 19.460
  -1.073,  2.911, 19.460
  -1.073,  2.911, 19.460
  -1.073,  2.911, 19.460
  -1.073,  2.911, 19.460
  -1.226,  0.766, 15.783
  -1.226,  0.766, 15.783
  -1.226,  0.766, 15.783
  -0.919,  1.226, 10.879
  -0.919,  1.226, 10.879
  -0.919,  1.226, 10.879
  -0.306,  3.065,  7.508
  -0.306,  3.065,  7.508
  -0.306,  3.065,  7.508
   0.306,  4.137,  4.444
   0.306,  4.137,  4.444
   0.306,  4.137,  4.444
   0.306,  4.137,  4.444
   0.460,  5.516,  1.992
   0.460,  5.516,  1.992
   0.460,  5.516,  1.992
   0.766,  6.589,  0.306
   0.766,  6.589,  0.306
   0.766,  6.589,  0.306
   1.226,  7.202, -0.306
   1.226,  7.202, -0.306
   1.226,  7.202, -0.306
   1.073,  7.202, -0.460
   1.073,  7.202, -0.460
   1.073,  7.202, -0.460
   1.073,  7.202, -0.460
   0.766,  6.436, -0.153
   0.766,  6.436, -0.153
   0.766,  6.436, -0.153
   0.613,  5.210,  1.992
   0.613,  5.210,  1.992
   0.613,  5.210,  1.992
  -0.153,  3.831,  4.597
  -0.153,  3.831,  4.597
  -0.153,  3.831,  4.597
  -0.460,  2.758,  8.121
  -0.460,  2.758,  8.121
  -0.460,  2.758,  8.121
  -0.460,  2.758,  8.121
  -1.073,  1.532, 12.565
  -1.073,  1.532, 12.565
  -1.073,  1.532, 12.565
  -1.686,  0.613, 18.541
  -1.686,  0.613, 18.541
  -1.686,  0.613, 18.541
  -1.686,  1.532, 19.460
  -1.686,  1.532, 19.460
  -1.686,  1.532, 19.460
  -1.686,  2.298, 19.460
  -1.226,  2.298, 19.460
  -1.226,  2.298, 19.460
  -1.226,  2.298, 19.460
  -1.379,  1.226, 16.242
  -1.379,  1.226, 16.242
  -1.379,  1.226, 16.242
  -1.073,  1.839, 11.339
  -1.073,  1.839, 11.339
  -1.073,  1.839, 11.339
  -0.306,  3.218,  7.355
  -0.306,  3.218,  7.355
  -0.306,  3.218,  7.355
  -0.306,  3.218,  7.355
   0.613,  4.444,  3.831
   0.613,  4.444,  3.831
   0.613,  4.444,  3.831
   1.073,  5.516,  1.073
   1.073,  5.516,  1.073
   1.073,  5.516,  1.073
   1.073,  6.282, -0.153
   1.073,  6.282, -0.153
   1.073,  6.282, -0.153
   0.919,  7.508, -0.153
   0.919,  7.508, -0.153
   0.919,  7.508, -0.153
   0.919,  7.508, -0.153
   0.613,  6.282, -0.153
   0.613,  6.282, -0.153
   0.613,  6.282, -0.153
   0.460,  5.210,  1.379
   0.460,  5.210,  1.379
   0.460,  5.210,  1.379
   0.460,  4.444,  4.290
   0.460,  4.444,  4.290
   0.460,  4.444,  4.290
  -0.613,  2.758,  7.508
  -0.613,  2.758,  7.508
  -0.613,  2.758,  7.508
  -0.613,  2.758,  7.508
  -1.379,  1.226, 13.331
  -1.379,  1.226, 13.331
  -1.379,  1.226, 13.331
  -1.992,  0.919, 18.541
  -1.992,  0.919, 18.541
  -1.992,  0.919, 18.541
  -0.153,  1.992, 19.000
  -0.153,  1.992, 19.000
  -0.153,  1.992, 19.000
   1.839,  3.065, 17.621
   1.839,  3.065, 17.621
   1.839,  3.065, 17.621
   1.839,  3.065, 17.621
   2.911,  2.452, 12.105
   2.911,  2.452, 12.105
   2.911,  2.452, 12.105
   3.218,  3.065,  8.274
   3.218,  3.065,  8.274
   3.218,  3.065,  8.274
   1.992,  3.677,  6.282
   1.992,  3.677,  6.282
   1.992,  3.677,  6.282
   1.992,  3.677,  6.282
  -0.153,  3.524,  5.823
  -0.153,  3.524,  5.823
  -0.153,  3.524,  5.823
  -2.758,  3.065,  6.742
  -2.758,  3.065,  6.742
  -2.758,  3.065,  6.742
  -4.903,  2.911,  7.968
  -4.903,  2.911,  7.968
  -4.903,  2.911,  7.968
  -7.049,  2.605,  9.194
  -7.049,  2.605,  9.194
  -7.049,  2.605,  9.194
  -7.049,  1.992, 10.420
  -8.274,  1.992, 10.420
  -8.274,  1.992, 10.420
  -8.274,  1.992, 10.420
  -7.049,  1.992, 10.420
  -7.049,  1.992, 10.420
  -7.049,  1.992, 10.420
  -4.750,  1.992,  9.807
  -4.750,  1.992,  9.807
  -4.750,  1.992,  9.807
  -2.605,  1.992,  9.347
  -2.605,  1.992,  9.347
  -2.605,  1.992,  9.347
  -2.605,  1.992,  9.347
   0.919,  2.145,  9.194
   0.919,  2.145,  9.194
   0.919,  2.145,  9.194
   5.057,  3.218,  9.653
   5.057,  3.218,  9.653
   5.057,  3.218,  9.653
   8.581,  4.597, 10.420
   8.581,  4.597, 10.420
   8.581,  4.597, 10.420
   9.653,  5.210, 10.266
   9.653,  5.210, 10.266
   9.653,  5.210, 10.266
   9.653,  5.210, 10.266
   7.968,  4.597,  9.500
   7.968,  4.597,  9.500
   7.968,  4.597,  9.500
   4.903,  3.677,  8.581
   4.903,  3.677,  8.581
   4.903,  3.677,  8.581
   1.992,  3.065,  8.734
   1.992,  3.065,  8.734
   1.992,  3.065,  8.734
  -1.073,  2.605,  9.194
  -1.073,  2.605,  9.194
  -1.073,  2.605,  9.194
  -1.073,  2.605,  9.194
  -4.137,  2.298,  9.653
  -4.137,  2.298,  9.653
  -4.137,  2.298,  9.653
  -6.742,  2.298,  9.653
  -6.742,  2.298,  9.653
  -6.742,  2.298,  9.653
  -8.887,  2.605,  9.194
  -8.887,  2.605,  9.194
  -8.887,  2.605,  9.194
  -8.887,  2.605,  9.194
  -9.960,  1.992,  8.581
  -9.960,  1.992,  8.581
  -9.960,  1.992,  8.581
  -8.121,  1.839,  8.734
  -8.121,  1.839,  8.734
  -8.121,  1.839,  8.734
  -3.831,  1.686,  8.428
  -3.831,  1.686,  8.428
  -3.831,  1.686,  8.428
   1.379,  1.839,  8.581
   1.379,  1.839,  8.581
   1.379,  1.839,  8.581
   1.379,  1.839,  8.581
   6.895,  3.218, 10.879
   6.895,  3.218, 10.879
   6.895,  3.218, 10.879
  10.420,  4.444, 11.339
  10.420,  4.444, 11.339
  10.420,  4.444, 11.339
  10.573,  5.210, 10.879
  10.573,  5.210, 10.879
  10.573,  5.210, 10.879
   7.968,  4.597,  9.041
   7.968,  4.597,  9.041
   7.968,  4.597,  9.041
   7.968,  4.597,  9.041
   3.984,  3.371,  7.355
   3.984,  3.371,  7.355
   3.984,  3.371,  7.355
   0.919,  2.605,  6.589
   0.919,  2.605,  6.589
   0.919,  2.605,  6.589
  -1.839,  2.605,  7.815
  -1.839,  2.605,  7.815
  -1.839,  2.605,  7.815
  -3.984,  2.145,  9.653
  -3.984,  2.145,  9.653
  -3.984,  2.145,  9.653
  -3.984,  2.145,  9.653
  -5.669,  1.839, 11.339
  -5.669,  1.839, 11.339
  -5.669,  1.839, 11.339
  -5.516,  1.532, 14.097
  -5.516,  1.532, 14.097
  -5.516,  1.532, 14.097
  -3.524,  1.839, 15.323
  -3.524,  1.839, 15.323
  -3.524,  1.839, 15.323
  -1.686,  1.532, 17.315
  -1.686,  1.532, 17.315
  -1.686,  1.532, 17.315
  -1.686,  1.532, 17.315
  -0.460,  2.758, 16.089
  -0.460,  2.758, 16.089
  -0.460,  2.758, 16.089
   0.460,  2.452, 11.492
   0.460,  2.452, 11.492
   0.460,  2.452, 11.492
   1.226,  3.371,  7.049
   1.226,  3.371,  7.049
   1.226,  3.371,  7.049
   1.226,  3.371,  7.049
   1.839,  5.057,  2.452
   1.839,  5.057,  2.452
   1.839,  5.057,  2.452
   1.532,  6.436, -1.073
   1.532,  6.436, -1.073
   1.532,  6.436, -1.073
   0.766,  7.202, -2.758
   0.766,  7.202, -2.758
   0.766,  7.202, -2.758
   0.460,  7.508, -2.911
   0.460,  7.508, -2.911
   0.460,  7.508, -2.911
   0.460,  7.508, -2.911
  -0.153,  6.436, -2.605
  -0.153,  6.436, -2.605
  -0.153,  6.436, -2.605
  -0.306,  4.750, -1.073
  -0.306,  4.750, -1.073
  -0.306,  4.750, -1.073
   0.306,  3.371,  3.831
   0.306,  3.371,  3.831
   0.306,  3.371,  3.831
   0.766,  1.379,  9.653
   0.766,  1.379,  9.653
   0.766,  1.379,  9.653
   0.766,  1.379,  9.653
   0.766,  0.153, 18.081
   0.766,  0.153, 18.081
   0.766,  0.153, 18.081
   0.153,  1.532, 19.460
   0.153,  1.532, 19.460
   0.153,  1.532, 19.460
  -0.153,  3.831, 19.460
  -0.153,  3.831, 19.460
  -0.153,  3.831, 19.460
  -1.073,  1.379, 16.395
  -1.073,  1.379, 16.395
  -1.073,  1.379, 16.395
  -1.073,  1.379, 16.395
  -1.839,  0.766,  8.428
  -1.839,  0.766,  8.428
  -1.839,  0.766,  8.428
  -1.992,  2.452,  3.371
  -1.992,  2.452,  3.371
  -1.992,  2.452,  3.371
  -0.460,  4.750,  0.613
  -0.460,  4.750,  0.613
  -0.460,  4.750,  0.613
  -0.460,  4.750,  0.613
   2.452,  6.589, -1.073
   2.452,  6.589, -1.073
   2.452,  6.589, -1.073
   4.444,  7.815, -2.911
   4.444,  7.815, -2.911
   4.444,  7.815, -2.911
   5.823,  7.355, -2.758
   5.823,  7.355, -2.758
   5.823,  7.355, -2.758
   4.444,  5.669, -0.460
   4.444,  5.669, -0.460
   4.444,  5.669, -0.460
   4.444,  5.669, -0.460
   1.379,  3.524,  1.379
   1.379,  3.524,  1.379
   1.379,  3.524,  1.379
   0.460,  1.379,  5.363
   0.460,  1.379,  5.363
   0.460,  1.379,  5.363
  -0.766,  1.226, 17.621
  -0.766,  1.226, 17.621
  -0.766,  1.226, 17.621
  -1.532,  0.919, 19.460
  -1.532,  0.919, 19.460
  -1.532,  0.919, 19.460
  -1.532,  0.919, 19.460
   0.153,  3.984, 19.460
   0.153,  3.984, 19.460
   0.153,  3.984, 19.460
   0.766,  2.911, 18.387
   0.766,  2.911, 18.387
   0.766,  2.911, 18.387
   0.919,  1.686, 11.032
   0.919,  1.686, 11.032
   0.919,  1.686, 11.032
   0.613,  3.065,  5.976
   0.613,  3.065,  5.976
   0.613,  3.065,  5.976
   0.613,  3.065,  5.976
   0.306,  4.597,  3.065
   0.306,  4.597,  3.065
   0.306,  4.597,  3.065
   0.766,  6.129,  0.306
   0.766,  6.129,  0.306
   0.766,  6.129,  0.306
   0.306,  6.742, -1.379
   0.306,  6.742, -1.379
   0.306,  6.742, -1.379
  -0.306,  6.129, -2.911
  -0.306,  6.129, -2.911
  -0.306,  6.129, -2.911
  -0.306,  6.129, -2.911
  -0.306,  6.282, -2.758
  -0.306,  6.282, -2.758
  -0.306,  6.282, -2.758
  -0.306,  5.976, -2.145
  -0.306,  5.976, -2.145
  -0.306,  5.976, -2.145
  -0.153,  4.597, -0.306
  -0.153,  4.597, -0.306
  -0.153,  4.597, -0.306
  -0.153,  4.597, -0.306
  -0.306,  3.371,  4.597
  -0.306,  3.371,  4.597
  -0.306,  3.371,  4.597
  -0.306,  2.452, 10.726
  -0.306,  2.452, 10.726
  -0.306,  2.452, 10.726
  -0.766,  1.532, 18.694
  -0.766,  1.532, 18.694
  -0.766,  1.532, 18.694
  -0.919,  2.911, 19.460
  -0.919,  2.911, 19.460
  -0.919,  2.911, 19.460
  -0.919,  2.911, 19.460
  -0.766,  3.524, 19.460
  -0.766,  3.524, 19.460
  -0.766,  3.524, 19.460
  -0.919,  2.605, 16.395
  -0.919,  2.605, 16.395
  -0.919,  2.605, 16.395
  -0.153,  1.992,  9.041
  -0.153,  1.992,  9.041
  -0.153,  1.992,  9.041
   0.766,  3.371,  3.218
   0.766,  3.371,  3.218
   0.766,  3.371,  3.218
   0.766,  3.371,  3.218
   1.532,  4.597, -0.460
   1.532,  4.597, -0.460
   1.532,  4.597, -0.460
   2.452,  5.516, -3.065
   2.452,  5.516, -3.065
   2.452,  5.516, -3.065
   2.758,  6.282, -4.290
   2.758,  6.282, -4.290
   2.758,  6.282, -4.290
   1.532,  6.282, -4.290
   1.532,  6.282, -4.290
   1.532,  6.282, -4.290
   1.532,  6.282, -4.290
   0.153,  5.823, -3.984
   0.153,  5.823, -3.984
   0.153,  5.823, -3.984
   0.460,  4.444, -2.911
   0.460,  4.444, -2.911
   0.460,  4.444, -2.911
   0.766,  3.524,  3.065
   0.766,  3.524,  3.065
   0.766,  3.524,  3.065
  -0.460,  1.379, 12.565
  -0.460,  1.379, 12.565
  -0.460,  1.379, 12.565
  -0.460,  1.379, 12.565
  -1.839, -0.153, 19.460
  -1.839, -0.153, 19.460
  -1.839, -0.153, 19.460
  -1.379,  3.524, 19.460
  -1.379,  3.524, 19.460
  -1.379,  3.524, 19.460
  -1.992,  3.371, 19.460
  -1.992,  3.371, 19.460
  -1.992,  3.371, 19.460
  -1.992,  3.371, 19.460
  -1.226,  1.073, 12.718
  -1.226,  1.073, 12.718
  -1.226,  1.073, 12.718
   0.306,  2.605,  4.137
   1.379,  5.210, -0.306
   1.379,  5.210, -0.306
   1.379,  5.210, -0.306
   1.532,  5.976, -3.677
   1.532,  5.976, -3.677
   1.532,  5.976, -3.677
   1.532,  5.976, -3.677
   0.766,  6.895, -4.903
   0.766,  6.895, -4.903
   0.766,  6.895, -4.903
  -1.073,  5.976, -4.137
  -1.073,  5.976, -4.137
  -1.073,  5.976, -4.137
  -1.992,  5.057, -2.758
  -1.992,  5.057, -2.758
  -1.992,  5.057, -2.758
  -1.686,  3.984,  0.153
  -1.686,  3.984,  0.153
  -1.686,  3.984,  0.153
  -1.686,  3.984,  0.153
  -0.919,  3.984,  5.363
  -0.919,  3.984,  5.363
  -0.919,  3.984,  5.363
  -0.306,  3.984, 12.258
  -0.306,  3.984, 12.258
  -0.306,  3.984, 12.258
   0.153,  3.065, 18.234
   0.153,  3.065, 18.234
   0.153,  3.065, 18.234
   0.613,  3.218, 19.460
   0.613,  3.218, 19.460
   0.613,  3.218, 19.460
   0.613,  3.218, 19.460
   0.613,  5.057, 19.460
   0.613,  5.057, 19.460
   0.613,  5.057, 19.460
   0.153,  3.677, 15.783
   0.153,  3.677, 15.783
   0.153,  3.677, 15.783
  -0.460,  3.371,  9.041
  -0.460,  3.371,  9.041
  -0.460,  3.371,  9.041
  -0.766,  4.750,  4.597
  -0.766,  4.750,  4.597
  -0.766,  4.750,  4.597
  -0.766,  4.750,  4.597
  -0.460,  5.516,  1.532
  -0.460,  5.516,  1.532
  -0.460,  5.516,  1.532
   0.153,  5.516, -2.452
   0.153,  5.516, -2.452
   0.153,  5.516, -2.452
   0.613,  5.669, -4.137
   0.613,  5.669, -4.137
   0.613,  5.669, -4.137
   0.613,  5.669, -4.137
   0.613,  5.669, -3.524
   0.613,  5.669, -3.524
   0.613,  5.669, -3.524
   0.153,  5.210, -1.992
   0.153,  5.210, -1.992
   0.153,  5.210, -1.992
   0.306,  4.290,  0.460
   0.306,  4.290,  0.460
   0.306,  4.290,  0.460
   0.153,  2.145,  3.677
   0.153,  2.145,  3.677
   0.153,  2.145,  3.677
   0.153,  2.145,  3.677
   1.379,  2.145, 13.331
   1.379,  2.145, 13.331
   1.379,  2.145, 13.331
   2.452,  4.137, 19.460
   2.452,  4.137, 19.460
   2.452,  4.137, 19.460
   1.686,  0.460, 19.460
   1.686,  0.460, 19.460
   1.686,  0.460, 19.460
   1.073,  2.911, 19.460
   1.073,  2.911, 19.460
   1.073,  2.911, 19.460
   1.073,  2.911, 19.460
  -0.153,  1.839, 17.775
  -0.153,  1.839, 17.775
  -0.153,  1.839, 17.775
  -0.919,  0.766, 11.339
  -0.919,  0.766, 11.339
  -0.919,  0.766, 11.339
  -0.766,  2.452,  5.057
  -0.766,  2.452,  5.057
  -0.766,  2.452,  5.057
   0.153,  4.290, -0.766
   0.153,  4.290, -0.766
   0.153,  4.290, -0.766
   0.153,  4.290, -0.766
   0.766,  5.669, -3.831
   0.766,  5.669, -3.831
   0.766,  5.669, -3.831
   0.613,  6.436, -4.597
   0.613,  6.436, -4.597
   0.613,  6.436, -4.597
   0.460,  6.895, -4.290
   0.460,  6.895, -4.290
   0.460,  6.895, -4.290
   0.460,  6.895, -4.290
   0.766,  6.589, -3.524
   0.766,  6.589, -3.524
   0.766,  6.589, -3.524
   0.613,  5.516, -1.992
   0.613,  5.516, -1.992
   0.613,  5.516, -1.992
   0.613,  4.444,  2.298
  -0.306,  0.919, 10.113
  -0.306,  0.919, 10.113
  -0.306,  0.919, 10.113
  -0.306,  0.919, 10.113
  -0.306,  0.919, 10.113
  -0.306,  0.919, 10.113
  -0.306,  0.919, 10.113
  -0.306,  0.919, 10.113
  -0.306,  0.919, 10.113
  -0.460,  0.766, 10.113
  -0.460,  0.766, 10.113
  -0.460,  0.766, 10.113
  -0.306,  0.919, 10.113
  -0.306,  0.919, 10.113
  -0.306,  0.919, 10.113
  -0.306,  0.919, 10.113
  -0.306,  0.919, 10.113
  -0.306,  0.919, 10.113
  -0.306,  0.919, 10.113
  -0.460,  0.919, 10.113
  -0.460,  0.919, 10.113
  -0.460,  0.919, 10.113
  -0.306,  0.766, 10.113
  -0.306,  0.766, 10.113
  -0.306,  0.766, 10.113
  -0.306,  0.766, 10.113
  -0.306,  0.766, 10.113
  -0.306,  0.766, 10.113
  -0.306,  0.919, 10.113
  -0.306,  0.919, 10.113
  -0.306,  0.919, 10.113
  -0.306,  0.919, 10.113
  -0.306,  0.919, 10.113
  -0.306,  0.919, 10.113
  -0.306,  0.919, 10.113
  -0.306,  0.919, 10.113
  -0.306,  0.919, 10.113
  -0.306,  0.919, 10.113
  -0.306,  0.919,  9.960
  -0.306,  0.919,  9.960
  -0.306,  0.919,  9.960
  -0.306,  0.919,  9.960
  -0.306,  0.919, 10.113
  -0.306,  0.919, 10.113
  -0.306,  0.919, 10.113
  -0.306,  0.919, 10.113
  -0.306,  0.919, 10.113
  -0.306,  0.919, 10.113
  -0.460,  0.919, 10.113
  -0.460,  0.919, 10.113
  -0.460,  0.919, 10.113
  -0.306,  0.919, 10.113
  -0.306,  0.919, 10.113
  -0.306,  0.919, 10.113
  -0.306,  0.919, 10.113
  -0.306,  0.919, 10.113
  -0.306,  0.919, 10.113
  -0.306,  0.919, 10.113
  -0.460,  0.919, 10.113
  -0.460,  0.919, 10.113
  -0.460,  0.919, 10.113
  -0.460,  0.919, 10.113
  -0.460,  0.919, 10.113
  -0.460,  0.919, 10.113
  -0.306,  0.919, 10.113
  -0.306,  0.919, 10.113
  -0.306,  0.919, 10.113
  -0.306,  0.919, 10.113
  -0.306,  0.919, 10.113
  -0.306,  0.919, 10.113
  -0.306,  0.919, 10.113
  -0.460,  0.919, 10.113
  -0.460,  0.919, 10.113
  -0.460,  0.919, 10.113
  -0.306,  0.919, 10.113
  -0.306,  0.919, 10.113
  -0.306,  0.919, 10.113
  -0.460,  0.766, 10.113
  -0.460,  0.766, 10.113
  -0.460,  0.766, 10.113
  -0.460,  0.766, 10.113
  -0.306,  0.766,  9.960
  -0.306,  0.766,  9.960
  -0.306,  0.766,  9.960
  -0.306,  0.919, 10.113
  -0.306,  0.919, 10.113
  -0.306,  0.919, 10.113
  -0.306,  0.919, 10.113
  -0.306,  0.919, 10.113
  -0.306,  0.919, 10.113
  -0.306,  0.919, 10.113
  -0.306,  0.919, 10.113
  -0.306,  0.919, 10.113
  -0.306,  0.919, 10.113
  -0.306,  0.766, 10.113
  -0.306,  0.766, 10.113
  -0.306,  0.766, 10.113
  -0.306,  0.919, 10.113
  -0.306,  0.919, 10.113
  -0.306,  0.919, 10.113
  -0.306,  0.766, 10.113
  -0.306,  0.766, 10.113
  -0.306,  0.766, 10.113
  -0.306,  0.766, 10.113
  -0.460,  0.919, 10.113
  -0.460,  0.919, 10.113
  -0.460,  0.919, 10.113
  -0.306,  0.919, 10.113
  -0.306,  0.919, 10.113
  -0.306,  0.919, 10.113
  -0.306,  0.919, 10.113
  -0.306,  0.919, 10.113
  -0.306,  0.919, 10.113
  -0.306,  0.919, 10.113
  -0.306,  0.919, 10.113
  -0.306,  0.919,  9.960
  -0.306,  0.919,  9.960
  -0.306,  0.919,  9.960
  -0.460,  0.919, 10.113
  -0.460,  0.919, 10.113
  -0.460,  0.919, 10.113
  -0.306,  0.919, 10.113
  -0.306,  0.919, 10.113
  -0.306,  0.919, 10.113
  -0.460,  0.919, 10.113
  -0.460,  0.919, 10.113
  -0.460,  0.919, 10.113
  -0.460,  0.919, 10.113
  -0.460,  0.919, 10.113
  -0.460,  0.919, 10.113
  -0.460,  0.919, 10.113
  -0.306,  0.919, 10.113
  -0.306,  0.919, 10.113
  -0.306,  0.919, 10.113
  -0.306,  0.919, 10.113
  -0.306,  0.919, 10.113
  -0.306,  0.919, 10.113
  -0.460,  0.919, 10.113
  -0.460,  0.919, 10.113
  -0.460,  0.919, 10.113
  -0.460,  0.919, 10.113
  -0.306,  0.919, 10.113
  -0.306,  0.919, 10.113
  -0.306,  0.919, 10.113
  -0.460,  0.919, 10.113
  -0.460,  0.919, 10.113
  -0.460,  0.919, 10.113
  -0.306,  0.919, 10.113
  -0.306,  0.919, 10.113
  -0.306,  0.919, 10.113
  -0.306,  0.919, 10.113
  -0.306,  0.919, 10.113
  -0.306,  0.919, 10.113
  -0.306,  0.919, 10.113
  -0.306,  0.919, 10.113
  -0.306,  0.919, 10.113
  -0.306,  0.919, 10.113
  -0.306,  0.919, 10.113
  -0.306,  0.919, 10.113
  -0.306,  0.919, 10.113
  -0.306,  0.919, 10.113
  -0.306,  0.919, 10.113
  -0.306,  0.919, 10.113
  -0.306,  0.919, 10.113
  -0.306,  0.919,  9.960
  -0.306,  0.919,  9.960
  -0.306,  0.919,  9.960
  -0.306,  0.919, 10.113
  -0.306,  0.919, 10.113
  -0.306,  0.919, 10.113
  -0.306,  0.766,  9.960
  -0.306,  0.766,  9.960
  -0.306,  0.766,  9.960
  -0.306,  0.919, 10.113
  -0.306,  0.919, 10.113
  -0.306,  0.919, 10.113
  -0.306,  0.919, 10.113
  -0.306,  0.919, 10.113
  -0.306,  0.919, 10.113
  -0.306,  0.919, 10.113
  -0.460,  0.919, 10.113
  -0.460,  0.919, 10.113
  -0.460,  0.919, 10.113
  -0.306,  0.919, 10.113
  -0.306,  0.919, 10.113
  -0.306,  0.919, 10.113
  -0.306,  0.919,  9.960
  -0.306,  0.919,  9.960
  -0.306,  0.919,  9.960
  -0.306,  0.919,  9.960
  -0.306,  0.919, 10.113
  -0.306,  0.919, 10.113
  -0.306,  0.919, 10.113
  -0.306,  0.919, 10.113
  -0.306,  0.919, 10.113
  -0.306,  0.919, 10.113
  -0.306,  0.919, 10.113
  -0.306,  0.919, 10.113
  -0.306,  0.919, 10.113
  -0.460,  0.919, 10.113
  -0.460,  0.919, 10.113
  -0.460,  0.919, 10.113
  -0.460,  0.919, 10.113
  -0.306,  0.919, 10.113
  -0.306,  0.919, 10.113
  -0.306,  0.919, 10.113
  -0.306,  0.919, 10.113
  -0.306,  0.919, 10.113
  -0.306,  0.919, 10.113
  -0.460,  1.073, 10.113
  -0.460,  1.073, 10.113
  -0.460,  1.073, 10.113
  -0.460,  0.919, 10.113
  -0.460,  0.919, 10.113
  -0.460,  0.919, 10.113
  -0.460,  0.919, 10.113
  -0.460,  0.919, 10.113
  -0.460,  0.919, 10.113
  -0.460,  0.919, 10.113
  -0.460,  1.073, 10.113
  -0.460,  1.073, 10.113
  -0.460,  1.073, 10.113
  -0.306,  1.073, 10.113
  -0.306,  1.073, 10.113
  -0.306,  1.073, 10.113
  -0.306,  1.073, 10.113
  -0.460,  1.226,  8.734
  -0.460,  1.226,  8.734
  -0.460,  1.226,  8.734
   0.306,  1.073, 11.186
   0.306,  1.073, 11.186
   0.306,  1.073, 11.186
   0.460,  1.073, 10.420
   0.460,  1.073, 10.420
   0.460,  1.073, 10.420
   0.460, -0.306, 10.726
   0.460, -0.306, 10.726
   0.460, -0.306, 10.726
   0.460, -0.306, 10.726
  -2.145,  1.532,  9.500
  -2.145,  1.532,  9.500
  -2.145,  1.532,  9.500
  -3.524,  1.073, 10.573
  -3.524,  1.073, 10.573
  -3.524,  1.073, 10.573
  -0.766,  0.153, 12.565
  -0.766,  0.153, 12.565
  -0.766,  0.153, 12.565
  -0.306,  1.226, 12.565
  -0.306,  1.226, 12.565
  -0.306,  1.226, 12.565
  -0.306,  1.226, 12.565
  -1.073, -1.839, 10.573
  -1.073, -1.839, 10.573
  -1.073, -1.839, 10.573
  -2.911,  0.306,  9.807
  -2.911,  0.306,  9.807
  -2.911,  0.306,  9.807
  -3.218,  0.613, 10.420
  -3.218,  0.613, 10.420
  -3.218,  0.613, 10.420
  -3.371,  0.613, 10.573
  -3.371,  0.613, 10.573
  -3.371,  0.613, 10.573
  -3.371,  0.613, 10.573
  -3.524, -0.153,  9.041
  -3.524, -0.153,  9.041
  -3.524, -0.153,  9.041
  -4.597,  0.766,  9.041
  -4.597,  0.766,  9.041
  -4.597,  0.766,  9.041
  -5.363,  1.686,  9.807
  -5.363,  1.686,  9.807
  -5.363,  1.686,  9.807
  -5.363,  1.839,  9.194
  -6.129,  1.839,  9.194
  -6.129,  1.839,  9.194
  -6.129,  1.839,  9.194
  -5.669,  1.379,  8.121
  -5.669,  1.379,  8.121
  -5.669,  1.379,  8.121
  -6.129,  1.532,  7.815
  -6.129,  1.532,  7.815
  -6.129,  1.532,  7.815
  -6.742,  1.226,  7.815
  -6.742,  1.226,  7.815
  -6.742,  1.226,  7.815
  -6.742,  1.226,  7.815
  -6.895,  1.379,  7.202
  -6.895,  1.379,  7.202
  -6.895,  1.379,  7.202
  -7.661,  1.686,  6.589
  -7.661,  1.686,  6.589
  -7.661,  1.686,  6.589
  -7.815,  1.686,  6.436
  -7.815,  1.686,  6.436
  -7.815,  1.686,  6.436
  -8.428,  1.686,  6.742
  -8.428,  1.686,  6.742
  -8.428,  1.686,  6.742
  -8.428,  1.686,  6.742
 -10.266,  1.839,  6.742
 -10.266,  1.839,  6.742
 -10.266,  1.839,  6.742
 -10.573,  0.613,  7.202
 -10.573,  0.613,  7.202
 -10.573,  0.613,  7.202
  -9.500,  1.226,  5.057
  -9.500,  1.226,  5.057
  -9.500,  1.226,  5.057
 -12.105,  1.226,  5.516
 -12.105,  1.226,  5.516
 -12.105,  1.226,  5.516
 -12.105,  1.226,  5.516
 -12.412,  0.613,  5.516
 -12.412,  0.613,  5.516
 -12.412,  0.613,  5.516
  -9.500,  0.306,  3.677
  -9.500,  0.306,  3.677
  -9.500,  0.306,  3.677
  -8.734,  0.613,  2.452
  -8.734,  0.613,  2.452
  -8.734,  0.613,  2.452
  -8.428,  0.919,  3.371
  -8.428,  0.919,  3.371
  -8.428,  0.919,  3.371
  -8.428,  0.919,  3.371
  -6.742,  1.379,  3.677
  -6.742,  1.379,  3.677
  -6.742,  1.379,  3.677
  -6.589,  2.298,  2.758
  -6.589,  2.298,  2.758
  -6.589,  2.298,  2.758
  -6.895,  2.298,  1.839
  -6.895,  2.298,  1.839
  -6.895,  2.298,  1.839
  -7.202,  2.605,  1.686
  -7.202,  2.605,  1.686
  -7.202,  2.605,  1.686
  -7.202,  2.605,  1.686
  -8.121,  2.452,  1.379
  -8.121,  2.452,  1.379
  -8.121,  2.452,  1.379
  -8.274,  2.298, -0.153
  -8.274,  2.298, -0.153
  -8.274,  2.298, -0.153
  -8.121,  2.758, -0.306
  -8.121,  2.758, -0.306
  -8.121,  2.758, -0.306
  -8.121,  2.758, -0.306
  -7.355,  2.605,  0.153
  -7.355,  2.605,  0.153
  -7.355,  2.605,  0.153
  -6.129,  2.605, -0.460
  -6.129,  2.605, -0.460
  -6.129,  2.605, -0.460
  -5.669,  2.911, -0.766
  -5.669,  2.911, -0.766
  -5.669,  2.911, -0.766
  -5.057,  2.911,  0.153
  -5.057,  2.911,  0.153
  -5.057,  2.911,  0.153
  -5.057,  2.911,  0.153
  -3.371,  2.911,  0.306
  -3.371,  2.911,  0.306
  -3.371,  2.911,  0.306
  -1.226,  3.218,  1.839
  -1.226,  3.218,  1.839
  -1.226,  3.218,  1.839
  -1.379,  5.057,  2.298
  -1.379,  5.057,  2.298
  -1.379,  5.057,  2.298
  -0.613,  4.444,  3.524
  -0.613,  4.444,  3.524
  -0.613,  4.444,  3.524
  -0.613,  4.444,  3.524
  -0.613,  5.210,  3.677
  -0.613,  5.210,  3.677
  -0.613,  5.210,  3.677
  -1.686,  5.516,  5.516
  -1.686,  5.516,  5.516
  -1.686,  5.516,  5.516
   0.766,  5.976,  6.129
   0.766,  5.976,  6.129
   0.766,  5.976,  6.129
   1.839,  7.202,  8.581
   1.839,  7.202,  8.581
   1.839,  7.202,  8.581
   1.839,  7.202,  8.581
   2.758,  8.887, 11.032
   2.758,  8.887, 11.032
   2.758,  8.887, 11.032
   3.065,  9.194, 11.032
   3.065,  9.194, 11.032
   3.065,  9.194, 11.032
   1.686, 11.339,  9.960
   1.686, 11.339,  9.960
   1.686, 11.339,  9.960
   1.226, 12.565,  9.500
   1.226, 12.565,  9.500
   1.226, 12.565,  9.500
   1.226, 12.565,  9.500
  -0.306, 12.105,  9.500
  -0.306, 12.105,  9.500
  -0.306, 12.105,  9.500
  -1.992, 12.412,  8.581
  -1.992, 12.412,  8.581
  -1.992, 12.412,  8.581
  -2.298, 11.799,  7.661
  -2.298, 11.799,  7.661
  -2.298, 11.799,  7.661
  -2.298, 11.799,  7.661
  -2.452, 10.726,  6.589
  -2.452, 10.726,  6.589
  -2.452, 10.726,  6.589
  -2.452,  9.960,  5.669
  -2.452,  9.960,  5.669
  -2.452,  9.960,  5.669
  -3.065,  8.734,  5.210
  -3.065,  8.734,  5.210
  -3.065,  8.734,  5.210
  -2.758,  8.121,  4.444
  -2.758,  8.121,  4.444
  -2.758,  8.121,  4.444
  -2.758,  8.121,  4.444
  -3.371,  7.661,  3.984
  -3.371,  7.661,  3.984
  -3.371,  7.661,  3.984
  -3.218,  7.202,  2.605
  -3.218,  7.202,  2.605
  -3.218,  6.589,  2.298
  -3.218,  6.589,  2.298
  -3.524,  6.742,  2.298
  -3.524,  6.742,  2.298
  -3.524,  6.742,  2.298
  -3.524,  6.742,  2.298
  -4.750,  6.742,  2.145
  -4.750,  6.742,  2.145
  -4.750,  6.742,  2.145
  -4.290,  6.282,  1.379
  -4.290,  6.282,  1.379
  -4.290,  6.282,  1.379
  -5.210,  6.436,  1.379
  -5.210,  6.436,  1.379
  -5.210,  6.436,  1.379
  -5.516,  6.129,  1.379
  -5.516,  6.129,  1.379
  -5.516,  6.129,  1.379
  -5.516,  6.129,  1.379
  -5.976,  6.129,  1.379
  -5.976,  6.129,  1.379
  -5.976,  6.129,  1.379
  -6.589,  5.669,  0.613
  -6.589,  5.669,  0.613
  -6.589,  5.669,  0.613
  -6.742,  5.363,  0.153
  -6.742,  5.363,  0.153
  -6.742,  5.363,  0.153
  -7.202,  5.057,  0.766
  -7.202,  5.057,  0.766
  -7.202,  5.057,  0.766
  -7.202,  5.057,  0.766
  -7.202,  4.903,  0.153
  -7.202,  4.903,  0.153
  -7.202,  4.903,  0.153
  -7.968,  4.903,  0.153
  -7.968,  4.903,  0.153
  -7.968,  4.903,  0.153
  -8.274,  3.984,  0.306
  -8.274,  3.984,  0.306
  -8.274,  3.984,  0.306
  -8.274,  3.984,  0.306
  -8.121,  3.984, -0.766
  -8.121,  3.984, -0.766
  -8.121,  3.984, -0.766
  -9.500,  3.065,  0.153
  -9.500,  3.065,  0.153
  -9.500,  3.065,  0.153
  -9.347,  2.911, -0.613
  -9.347,  2.911, -0.613
  -9.347,  2.911, -0.613
  -9.347,  2.758, -0.613
  -9.347,  2.758, -0.613
  -9.347,  2.758, -0.613
  -9.347,  2.758, -0.613
  -9.653,  2.911, -0.460
  -9.653,  2.911, -0.460
  -9.653,  2.911, -0.460
 -10.266,  2.911, -0.153
 -10.266,  2.911, -0.153
 -10.266,  2.911, -0.153
  -9.807,  2.911, -0.306
  -9.807,  2.911, -0.306
  -9.807,  2.911, -0.306
  -9.041,  1.992, -1.992
  -9.041,  1.992, -1.992
  -9.041,  1.992, -1.992
  -9.041,  1.992, -1.992
  -9.807,  2.145, -0.919
  -9.807,  2.145, -0.919
  -9.807,  2.145, -0.919
 -10.573,  2.758, -0.460
 -10.573,  2.758, -0.460
 -10.573,  2.758, -0.460
  -9.807,  3.524, -0.153
  -9.807,  3.524, -0.153
  -9.807,  3.524, -0.153
  -9.194,  3.218, -0.613
  -9.194,  3.218, -0.613
  -9.194,  3.218, -0.613
  -9.194,  3.218, -0.613
  -9.194,  3.371, -0.460
  -9.194,  3.371, -0.460
  -9.194,  3.371, -0.460
  -9.500,  3.831, -0.306
  -9.500,  3.831, -0.306
  -9.500,  3.831, -0.306
  -8.887,  3.831, -0.613
  -8.887,  3.831, -0.613
  -8.887,  3.831, -0.613
  -8.581,  3.984, -0.766
  -8.581,  3.984, -0.766
  -8.581,  3.984, -0.766
  -8.581,  3.984, -0.766
  -8.581,  3.831, -0.613
  -8.581,  3.831, -0.613
  -8.581,  3.831, -0.613
  -8.734,  3.984, -0.613
  -8.734,  3.984, -0.613
  -8.734,  3.984, -0.613
  -8.887,  4.137, -0.460
  -8.887,  4.137, -0.460
  -8.887,  4.137, -0.460
  -8.887,  4.137, -0.460
  -8.734,  4.137, -0.460
  -8.734,  4.137, -0.460
  -8.734,  4.137, -0.460
  -8.428,  4.137, -0.306
  -8.428,  4.137, -0.306
  -8.428,  4.137, -0.306
  -8.428,  4.290, -0.306
  -8.428,  4.290, -0.306
  -8.428,  4.290, -0.306
  -7.968,  4.597,  0.153
  -7.968,  4.597,  0.153
  -7.968,  4.597,  0.153
  -7.968,  4.597,  0.153
  -7.968,  4.903,  0.153
  -7.968,  4.903,  0.153
  -7.968,  4.903,  0.153
  -8.274,  5.210,  0.306
  -8.274,  5.210,  0.306
  -8.274,  5.210,  0.306
  -7.815,  5.669,  0.306
  -7.815,  5.669,  0.306
  -7.815,  5.669,  0.306
  -7.661,  5.516,  0.153
  -7.661,  5.516,  0.153
  -7.661,  5.516,  0.153
  -7.661,  5.516,  0.153
  -7.508,  5.516,  0.153
  -7.508,  5.516,  0.153
  -7.508,  5.516,  0.153
  -7.661,  5.516,  0.153
  -7.661,  5.516,  0.153
  -7.661,  5.516,  0.153
  -7.202,  5.823,  0.306
  -7.202,  5.823,  0.306
  -7.202,  5.823,  0.306
  -7.049,  5.823,  0.153
  -7.049,  5.823,  0.153
  -7.049,  5.823,  0.153
  -7.049,  5.823,  0.153
  -6.742,  5.976,  0.306
  -6.742,  5.976,  0.306
  -6.742,  5.976,  0.306
  -6.742,  5.976,  0.460
  -6.742,  5.976,  0.460
  -6.742,  5.976,  0.460
  -6.129,  5.976,  0.460
  -6.129,  5.976,  0.460
  -6.129,  5.976,  0.460
  -6.589,  6.129,  0.766
  -6.589,  6.129,  0.766
  -6.589,  6.129,  0.766
  -6.589,  6.129,  0.766
  -6.282,  6.282,  1.073
  -6.282,  6.282,  1.073
  -6.282,  6.282,  1.073
  -5.516,  5.976,  1.073
  -5.516,  5.976,  1.073
  -5.516,  5.976,  1.073
  -5.057,  5.976,  1.073
  -5.057,  5.976,  1.073
  -5.057,  5.976,  1.073
  -5.363,  6.129,  1.686
  -5.363,  6.129,  1.686
  -5.363,  6.129,  1.686
  -5.363,  6.129,  1.686
  -4.903,  6.742,  1.839
  -4.903,  6.742,  1.839
  -4.903,  6.742,  1.839
  -5.669,  6.282,  2.605
  -5.669,  6.282,  2.605
  -5.669,  6.282,  2.605
  -5.823,  5.976,  3.218
  -5.823,  5.976,  3.218
  -5.823,  5.976,  3.218
  -5.823,  5.976,  3.218
  -5.976,  5.823,  3.218
  -5.976,  5.823,  3.218
  -5.976,  5.823,  3.218
  -7.508,  6.129,  2.758
  -7.508,  6.129,  2.758
  -7.508,  6.129,  2.758
  -6.436,  5.210,  2.605
  -6.436,  5.210,  2.605
  -6.436,  5.210,  2.605
  -6.589,  5.363,  2.758
  -6.589,  5.363,  2.758
  -6.589,  5.363,  2.758
  -6.589,  5.363,  2.758
  -6.742,  4.750,  3.677
  -6.742,  4.750,  3.677
  -6.742,  4.750,  3.677
  -8.274,  4.597,  3.984
  -8.274,  4.597,  3.984
  -8.274,  4.597,  3.984
  -6.282,  4.290,  3.371
  -6.282,  4.290,  3.371
  -6.282,  4.290,  3.371
  -4.137,  5.976,  6.436
  -4.137,  5.976,  6.436
  -4.137,  5.976,  6.436
  -4.137,  5.976,  6.436
  -6.282,  6.742, 11.339
  -6.282,  6.742, 11.339
  -6.282,  6.742, 11.339
  -3.218,  6.282, 15.170
  -3.218,  6.282, 15.170
  -3.218,  6.282, 15.170
  -3.218,  6.742, 11.186
  -3.218,  6.742, 11.186
  -3.218,  6.742, 11.186
  -3.524,  6.742,  5.823
  -3.524,  6.742,  5.823
  -3.524,  6.742,  5.823
  -5.057,  5.516,  7.049
  -5.057,  5.516,  7.049
  -5.057,  5.516,  7.049
  -2.911,  3.831, 10.879
  -2.911,  3.831, 10.879
  -2.911,  3.831, 10.879
  -1.532,  3.677,  8.581
  -1.532,  3.677,  8.581
  -1.532,  3.677,  8.581
  -1.532,  3.371,  6.129
  -3.371,  3.371,  6.129
  -3.371,  3.371,  6.129
  -3.371,  3.371,  6.129
  -1.992,  3.218,  8.274
  -1.992,  3.218,  8.274
  -1.992,  3.218,  8.274
  -3.218,  1.992, 10.420
  -3.218,  1.992, 10.420
  -3.218,  1.992, 10.420
  -5.516,  1.073,  7.049
  -5.516,  1.073,  7.049
  -5.516,  1.073,  7.049
  -5.516,  1.073,  7.049
  -5.210,  1.532,  8.121
  -5.210,  1.532,  8.121
  -5.210,  1.532,  8.121
  -4.597,  1.992, 11.339
  -4.597,  1.992, 11.339
  -4.597,  1.073,  8.734
  -4.597,  1.073,  8.734
  -4.597,  1.073,  8.734
  -3.371, -0.766,  8.734
  -3.371, -0.766,  8.734
  -3.371, -0.766,  8.734
  -3.371, -0.766,  8.734
  -3.371, -2.605, 12.258
  -3.371, -2.605, 12.258
  -3.371, -2.605, 12.258
  -1.379, -2.145, 14.250
  -1.379, -2.145, 14.250
  -1.379, -2.145, 14.250
  -4.137, -0.919,  8.121
  -4.137, -0.919,  8.121
  -4.137, -0.919,  8.121
  -4.137, -1.073,  5.823
  -4.137, -1.073,  5.823
  -4.137, -1.073,  5.823
  -4.137, -1.073,  5.823
  -0.919, -0.460,  6.129
  -0.919, -0.460,  6.129
  -0.919, -0.460,  6.129
   1.532,  1.073, 11.645
   1.532,  1.073, 11.645
   1.532,  1.073, 11.645
   0.153,  0.919, 10.420
   0.153,  0.919, 10.420
   0.153,  0.919, 10.420
  -6.129,  7.508, 11.799
  -6.129,  7.508, 11.799
  -6.129,  7.508, 11.799
  -6.129,  7.508, 11.799
  -3.831,  7.049,  6.589
  -3.831,  7.049,  6.589
  -3.831,  7.049,  6.589
  -1.379,  5.210,  8.121
  -1.379,  5.210,  8.121
  -1.379,  5.210,  8.121
  -1.379,  5.976,  8.121
  -1.379,  5.976,  8.121
  -1.379,  5.976,  8.121
  -1.379,  5.976,  8.121
  -1.839,  7.049,  5.210
  -1.839,  7.049,  5.210
  -1.839,  7.049,  5.210
  -1.686,  7.968,  4.290
  -1.686,  7.968,  4.290
  -1.686,  7.968,  4.290
  -1.686,  7.815,  3.984
  -1.686,  7.815,  3.984
  -1.686,  7.815,  3.984
  -1.379,  7.815,  4.444
  -1.379,  7.815,  4.444
  -1.379,  7.815,  4.444
  -1.379,  7.815,  4.444
  -0.613,  7.968,  3.831
  -0.613,  7.968,  3.831
  -0.613,  7.968,  3.831
  -1.532,  8.121,  4.750
  -1.532,  8.121,  4.750
  -1.532,  8.121,  4.750
  -0.460,  7.815,  4.903
  -0.460,  7.815,  4.903
  -0.460,  7.815,  4.903
  -0.460,  8.121,  5.057
  -0.460,  8.121,  5.057
  -0.460,  8.121,  5.057
  -0.460,  8.121,  5.057
  -0.460,  8.274,  5.210
  -0.460,  8.274,  5.210
  -0.306,  8.428,  4.903
  -0.306,  8.428,  4.903
  -0.153,  8.428,  4.290
  -0.153,  8.428,  4.290
  -0.153,  8.428,  4.290
  -0.153,  8.274,  3.831
  -0.153,  8.274,  3.831
  -0.153,  8.274,  3.831
  -0.153,  8.274,  3.831
  -0.460,  8.581,  4.444
  -0.460,  8.581,  4.444
  -0.460,  8.581,  4.444
  -0.306,  8.581,  5.363
  -0.306,  8.581,  5.363
  -0.153,  8.274,  5.057
  -0.153,  8.274,  5.057
  -0.153,  8.274,  5.057
  -0.460,  8.274,  3.984
  -0.460,  8.274,  3.984
  -0.460,  8.274,  3.984
  -0.460,  8.274,  3.984
  -0.460,  8.274,  4.597
  -0.460,  8.274,  4.597
  -0.460,  8.274,  4.597
  -0.613,  8.274,  4.750
  -0.613,  8.274,  4.750
  -0.613,  8.274,  4.750
  -0.460,  7.968,  4.597
  -0.460,  7.968,  4.597
  -0.460,  7.968,  4.597
  -0.306,  7.508,  4.750
  -0.306,  7.508,  4.750
  -0.306,  7.508,  4.750
  -0.306,  7.508,  4.750
  -0.306,  7.968,  4.903
  -0.306,  7.968,  4.903
  -0.306,  7.968,  4.903
  -0.766,  8.581,  4.290
  -0.766,  8.581,  4.290
  -0.766,  8.581,  4.290
  -0.766,  8.581,  4.137
  -0.766,  8.581,  4.137
  -0.766,  8.581,  4.137
  -0.766,  8.581,  4.137
  -0.613,  8.734,  4.290
  -0.613,  8.734,  4.290
  -0.613,  8.734,  4.290
  -0.613,  8.734,  3.831
  -0.613,  8.734,  3.831
  -0.613,  8.734,  3.831
  -1.073,  9.347,  3.524
  -1.073,  9.347,  3.524
  -1.073,  9.347,  3.524
  -0.919,  9.041,  3.984
  -0.919,  9.041,  3.984
  -0.919,  9.041,  3.984
  -0.919,  9.041,  3.984
  -1.379,  9.347,  1.532
  -1.379,  9.347,  1.532
  -1.379,  9.347,  1.532
  -1.379,  9.041,  1.686
  -1.379,  9.041,  1.686
  -1.379,  9.041,  1.686
  -1.073,  8.887,  2.298
  -1.073,  8.887,  2.298
  -1.073,  8.887,  2.298
  -0.919,  8.428,  2.911
  -0.919,  8.428,  2.911
  -0.919,  8.428,  2.911
  -0.919,  8.428,  2.911
  -0.766,  8.734,  2.911
  -0.766,  8.734,  2.911
  -0.766,  8.734,  2.911
  -0.766,  8.428,  3.065
  -0.766,  8.428,  3.065
  -0.766,  8.428,  3.065
  -0.919,  8.734,  3.371
  -0.919,  8.734,  3.371
  -0.919,  8.887,  3.984
  -0.919,  8.887,  3.984
  -0.919,  8.887,  3.984
  -0.919,  8.887,  3.984
  -0.919,  8.887,  3.677
  -0.919,  8.887,  3.677
  -0.919,  8.887,  3.677
  -0.766,  8.581,  3.524
  -0.766,  8.581,  3.524
  -0.766,  8.581,  3.524
  -0.766,  8.887,  3.677
  -0.766,  8.887,  3.677
  -0.766,  8.887,  3.677
  -0.766,  8.887,  3.677
  -0.766,  8.734,  3.524
  -0.766,  8.734,  3.524
  -0.766,  8.734,  3.524
  -0.919,  9.194,  3.524
  -0.919,  9.194,  3.524
  -0.919,  9.194,  3.524
  -0.460,  9.194,  3.677
  -0.460,  9.194,  3.677
  -0.460,  9.194,  3.677
   0.153,  9.041,  3.984
   0.153,  9.041,  3.984
   0.153,  9.041,  3.984
   0.153,  9.041,  3.984
   0.766,  9.347,  3.984
   0.766,  9.347,  3.984
   0.766,  9.347,  3.984
   1.839,  9.653,  5.057
   1.839,  9.653,  5.057
   1.839,  9.653,  5.057
   1.839,  9.653,  4.444
   1.839,  9.653,  4.444
   1.839,  9.653,  4.444
   2.758,  9.347,  4.444
   2.758,  9.347,  4.444
   2.758,  9.347,  4.444
   2.758,  9.347,  4.444
   2.145,  8.734,  5.057
   2.145,  8.734,  5.057
   2.145,  8.734,  5.057
  -0.153,  7.968,  4.903
  -0.153,  7.968,  4.903
  -0.153,  7.968,  4.903
  -0.766,  7.661,  5.210
  -0.766,  7.661,  5.210
  -0.766,  7.661,  5.210
  -0.153,  8.121,  4.597
  -0.153,  8.121,  4.597
  -0.153,  8.121,  4.597
  -0.153,  8.121,  4.597
   0.153,  7.815,  3.984
   0.153,  7.815,  3.984
   0.153,  7.815,  3.984
   0.919,  7.508,  3.524
   0.919,  7.508,  3.524
   0.919,  7.508,  3.524
   0.919,  9.041,  4.137
   0.919,  9.041,  4.137
   0.919,  9.041,  4.137
   0.153,  9.194,  4.290
   0.153,  9.194,  4.290
   0.153,  9.194,  4.290
   0.153,  9.194,  4.290
  -1.073,  8.581,  4.137
  -1.073,  8.581,  4.137
  -1.073,  8.581,  4.137
  -2.452,  7.815,  4.137
  -2.452,  7.815,  4.137
  -2.452,  7.815,  4.137
  -2.911,  7.508,  3.524
  -2.911,  7.508,  3.524
  -2.911,  7.508,  3.524
  -2.911,  7.508,  3.524
  -3.524,  7.968,  4.597
  -3.524,  7.968,  4.597
  -3.524,  7.968,  4.597
  -3.831,  8.274,  5.669
  -3.831,  8.274,  5.669
  -3.831,  8.274,  5.669
  -3.371,  7.661,  4.444
  -3.371,  7.661,  4.444
  -3.371,  7.661,  4.444
  -3.371,  7.661,  2.911
  -3.371,  7.661,  2.911
  -3.371,  7.661,  2.911
  -3.371,  7.661,  2.911
  -3.371,  8.274,  3.065
  -3.371,  8.274,  3.065
  -3.371,  8.274,  3.065
  -2.758,  8.274,  3.371
  -2.758,  8.274,  3.371
  -2.758,  8.274,  3.371
  -2.452,  8.274,  2.911
  -2.452,  8.274,  2.911
  -2.452,  8.274,  2.911
  -2.298,  8.274,  2.605
  -2.298,  8.274,  2.605
  -2.298,  8.274,  2.605
  -2.298,  8.274,  2.605
  -1.839,  8.734,  2.911
  -1.839,  8.734,  2.911
  -1.839,  8.734,  2.911
  -1.839,  8.887,  2.911
  -1.839,  8.887,  2.911
  -1.839,  8.887,  2.911
  -1.379,  8.581,  2.452
  -1.379,  8.581,  2.452
  -1.379,  8.581,  2.452
  -1.073,  8.428,  1.839
  -1.073,  8.428,  1.839
  -1.073,  8.428,  1.839
  -1.073,  8.428,  1.839
  -1.073,  8.428,  1.839
  -1.073,  8.428,  1.839
  -1.073,  8.428,  1.839
  -0.919,  8.581,  1.073
  -0.919,  8.581,  1.073
  -0.919,  8.581,  1.073
  -0.919,  8.581, -0.306
  -0.919,  8.581, -0.306
  -0.919,  8.581, -0.306
  -0.460,  7.661, -0.766
  -0.460,  7.661, -0.766
  -0.460,  7.661, -0.766
  -0.460,  7.661, -0.766
  -1.226,  8.428,  1.839
  -1.226,  8.428,  1.839
  -1.226,  8.428,  1.839
  -0.613,  7.661,  3.524
  -0.613,  7.661,  3.524
   0.919,  5.669,  7.049
   0.919,  5.669,  7.049
   0.919,  5.669,  7.049
   1.532,  2.758, 12.718
   1.532,  2.758, 12.718
   1.532,  2.758, 12.718
   1.532,  2.758, 12.718
  -0.153,  2.452, 10.420
  -0.153,  2.452, 10.420
  -0.153,  2.452, 10.420
   0.919,  2.605,  7.968
   0.919,  2.605,  7.968
   0.919,  2.605,  7.968
   3.524,  1.992, 13.637
   3.524,  1.992, 13.637
   3.524,  1.992, 13.637
   3.524,  1.992, 13.637
   3.984,  1.992, 19.000
   3.984,  1.992, 19.000
   3.984,  1.992, 19.000
   0.153,  3.371, 16.395
   0.153,  3.371, 16.395
   0.153,  3.371, 16.395
   1.379, -0.460, 17.928
   1.379, -0.460, 17.928
   1.379, -0.460, 17.928
   0.613, -1.379, 18.541
   0.613, -1.379, 18.541
   0.613, -1.379, 18.541
   0.613, -1.379, 18.541
   0.919, -0.153, 12.105
   0.919, -0.153, 12.105
   0.919, -0.153, 12.105
  -0.460,  1.992,  9.500
  -0.460,  1.992,  9.500
  -0.460,  1.992,  9.500
   1.839,  1.226,  7.049
   1.839,  1.226,  7.049
   1.839,  1.226,  7.049
   4.137,  0.766,  5.976
   4.137,  0.766,  5.976
   4.137,  0.766,  5.976
   4.137,  0.766,  5.976
   1.992,  2.145,  0.306
   1.992,  2.145,  0.306
   1.992,  2.145,  0.306
  -0.306,  5.516, -6.895
  -0.306,  5.516, -6.895
  -0.306,  5.516, -6.895
   2.605,  5.516, -1.839
   2.605,  5.516, -1.839
   2.605,  5.516, -1.839
   4.444,  5.823,  1.226
   4.444,  5.823,  1.226
   4.444,  5.823,  1.226
   4.444,  5.823,  1.226
   6.129,  3.831, -5.976
   6.129,  3.831, -5.976
   6.129,  3.831, -5.976
   7.049,  3.677,-12.871
   7.049,  3.677,-12.871
   7.049,  3.677,-12.871
   9.960,  5.057,-13.484
   9.960,  5.057,-13.484
   9.960,  5.057,-13.484
   9.960,  5.057,-13.484
   9.653,  4.750,-12.871
   9.653,  4.750,-12.871
   9.653,  4.750,-12.871
   8.734,  3.524,-12.105
   8.734,  3.524,-12.105
   8.734,  3.524,-12.105
   9.194,  4.290,-10.879
   9.194,  4.290,-10.879
   9.194,  4.290,-10.879
   7.202,  4.597,-10.266
   7.202,  4.597,-10.266
   7.202,  4.597,-10.266
   7.202,  4.597,-10.266
   5.057,  5.057,-10.879
   5.057,  5.057,-10.879
   5.057,  5.057,-10.879
   6.282,  4.290, -8.734
   6.282,  4.290, -8.734
   6.282,  4.290, -8.734
   5.516, -3.831,  1.839
   5.516, -3.831,  1.839
   5.516, -3.831,  1.839
   2.911, -6.282,  3.065
   2.911, -6.282,  3.065
   2.911, -6.282,  3.065
   2.911, -6.282,  3.065
   2.298, -6.895,  4.597
   2.298, -6.895,  4.597
   2.298, -6.895,  4.597
   1.532, -4.290, 10.420
   1.532, -4.290, 10.420
   1.532, -4.290, 10.420
   2.145, -2.452, 18.541
   2.145, -2.452, 18.541
   2.145, -2.452, 18.541
   2.145, -5.057, 19.460
   2.145, -5.057, 19.460
   2.145, -5.057, 19.460
   2.145, -5.057, 19.460
   2.758, -6.742, 19.460
   2.758, -6.742, 19.460
   2.758, -6.742, 19.460
   3.218, -5.669, 19.460
   3.218, -5.669, 19.460
   3.218, -5.669, 19.460
   2.298, -4.903, 19.460
   2.298, -4.903, 19.460
   2.298, -4.903, 19.460
   2.298, -4.903, 18.847
   0.766, -6.589, 18.847
   0.766, -6.589, 18.847
   0.766, -6.589, 18.847
   2.298, -7.508, 15.629
   2.298, -7.508, 15.629
   2.298, -7.508, 15.629
   3.831, -7.508,  8.734
   3.831, -7.508,  8.734
   3.831, -7.508,  8.734
   3.371, -6.129,  4.903
   3.371, -6.129,  4.903
   3.371, -6.129,  4.903
   3.371, -6.129,  4.903
   4.137, -3.218,  0.153
   4.137, -3.218,  0.153
   4.137, -3.218,  0.153
   6.589,  0.153, -2.758
   6.589,  0.153, -2.758
   6.589,  0.153, -2.758
   9.194,  0.306, -5.057
   9.194,  0.306, -5.057
   9.194,  0.306, -5.057
   9.807, -1.992,-10.879
   9.807, -1.992,-10.879
   9.807, -1.992,-10.879
   9.807, -1.992,-10.879
  13.791,  0.919,-17.621
  13.791,  0.919,-17.621
  13.791,  0.919,-17.621
  15.170,  1.992,-13.178
  15.170,  1.992,-13.178
  15.170,  1.992,-13.178
  12.871,  0.766, -9.347
  12.871,  0.766, -9.347
  12.871,  0.766, -9.347
  11.952,  0.766, -9.041
  11.952,  0.766, -9.041
  11.952,  0.766, -9.041
  11.952,  0.766, -9.041
  12.565,  2.605,-10.726
  12.565,  2.605,-10.726
  12.565,  2.605,-10.726
  11.032,  4.750,-11.339
  11.032,  4.750,-11.339
  11.032,  4.750,-11.339
   9.807,  6.742,-14.710
   9.807,  6.742,-14.710
   9.807,  6.742,-14.710
  10.113, -3.065, -0.766
  10.113, -3.065, -0.766
  10.113, -3.065, -0.766
  10.113, -3.065, -0.766
   4.137, -6.282,  2.605
   4.137, -6.282,  2.605
   4.137, -6.282,  2.605
   3.984, -8.428,  0.306
   3.984, -8.428,  0.306
   3.984, -8.428,  0.306
   4.137, -8.274,  6.589
   4.137, -8.274,  6.589
   4.137, -8.274,  6.589
   4.137, -8.274,  6.589
  -0.153, -4.597, 15.016
  -0.153, -4.597, 15.016
  -0.153, -4.597, 15.016
  -1.686, -4.137, 14.710
  -1.686, -4.137, 14.710
  -1.686, -4.137, 14.710
   1.992, -6.895, 18.234
   1.992, -6.895, 18.234
   1.992, -6.895, 18.234
   4.290, -7.968, 19.460
   4.290, -7.968, 19.460
   4.290, -7.968, 19.460
   4.290, -7.968, 19.460
   4.444, -6.129, 19.460
   4.444, -6.129, 19.460
   4.444, -6.129, 19.460
   3.065, -4.444, 19.460
   3.065, -4.444, 19.460
   3.065, -4.444, 19.460
   2.452, -5.823, 19.307
   2.452, -5.823, 19.307
   2.452, -5.823, 19.307
   3.831, -6.282, 16.855
   3.831, -6.282, 16.855
   3.831, -6.282, 16.855
   3.831, -6.282, 16.855
   5.363, -6.895, 12.871
   5.363, -6.895, 12.871
   5.363, -6.895, 12.871
   4.290, -8.734,  9.653
   4.290, -8.734,  9.653
   4.290, -8.734,  9.653
   5.363,-10.113,  1.992
   5.363,-10.113,  1.992
   5.363,-10.113,  1.992
   5.516, -2.145, -6.436
   5.516, -2.145, -6.436
   5.516, -2.145, -6.436
   5.516, -2.145, -6.436
   9.194, -0.613, -7.202
   9.194, -0.613, -7.202
   9.194, -0.613, -7.202
  11.032, -2.452,-12.105
  11.032, -2.452,-12.105
  11.032, -2.452,-12.105
  14.250, -0.306,-19.000
  14.250, -0.306,-19.000
  14.250, -0.306,-19.000
  15.629, -1.992,-14.710
  15.629, -1.992,-14.710
  15.629, -1.992,-14.710
  15.629, -1.992,-14.710
  11.645, -4.137, -7.968
  11.645, -4.137, -7.968
  11.645, -4.137, -7.968
   9.960, -2.605, -9.347
   9.960, -2.605, -9.347
   9.960, -2.605, -9.347
  10.573,  1.686,-16.549
  10.573,  1.686,-16.549
  10.573,  1.686,-16.549
  10.573,  1.686,-16.549
  10.879,  2.758,-14.250
  10.879,  2.758,-14.250
  10.879,  2.758,-14.250
   6.589,  0.919, -9.041
   6.589,  0.919, -9.041
   6.589,  0.919, -9.041
   7.202, -3.065, -6.129
   7.202, -3.065, -6.129
   7.202, -3.065, -6.129
   7.202,-12.258,  3.371
   7.202,-12.258,  3.371
   7.202,-12.258,  3.371
   7.202,-12.258,  3.371
   5.210,-12.258, 10.113
   5.210,-12.258, 10.113
   5.210,-12.258, 10.113
   0.613, -5.669, 12.105
   0.613, -5.669, 12.105
   0.613, -5.669, 12.105
  -0.613, -5.057, 16.702
  -0.613, -5.057, 16.702
  -0.613, -5.057, 16.702
  -0.613, -7.355, 19.460
  -0.613, -7.355, 19.460
  -0.613, -7.355, 19.460
  -0.613, -7.355, 19.460
   0.613, -8.274, 19.460
   0.613, -8.274, 19.460
   0.613, -8.274, 19.460
   0.306, -9.194, 19.460
   0.306, -9.194, 19.460
   3.371,-13.178, 18.387
   3.371,-13.178, 18.387
   3.371,-13.178, 18.387
   3.677,-13.484,  8.581
   3.677,-13.484,  8.581
   3.677,-13.484,  8.581
   3.677,-13.484,  8.581
   6.282,-11.492,  2.911
   6.282,-11.492,  2.911
   6.282,-11.492,  2.911
  10.266, -6.589,  4.290
  10.266, -6.589,  4.290
  10.266, -6.589,  4.290
  15.323, -5.210,-10.573
  15.323, -5.210,-10.573
  15.323, -5.210,-10.573
  18.234, -5.210,-18.387
  18.234, -5.210,-18.387
  18.234, -5.210,-18.387
  18.234, -5.210,-18.387
  19.613, -3.831,-18.541
  19.613, -3.831,-18.541
  19.613, -3.831,-18.541
  19.460, -1.073,-17.315
  19.460, -1.073,-17.315
  19.460, -1.073,-17.315
  16.549, -0.766,-11.952
  16.549, -0.766,-11.952
  16.549, -0.766,-11.952
  16.549, -0.766,-11.952
   9.960, -1.686, -8.887
   9.960, -1.686, -8.887
   9.960, -1.686, -8.887
   7.049,  1.226,-13.791
   7.049,  1.226,-13.791
   7.049,  1.226,-13.791
   9.041, -5.210,  0.306
   9.041, -5.210,  0.306
   9.041, -5.210,  0.306
   3.065, -8.581, 12.105
   3.065, -8.581, 12.105
   3.065, -8.581, 12.105
   3.065, -8.581, 12.105
  -2.758, -4.444, 12.412
  -2.758, -4.444, 12.412
  -2.758, -4.444, 12.412
  -5.976, -1.073, 18.694
  -5.976, -1.073, 18.694
  -5.976, -1.073, 18.694
  -2.911,  1.379, 19.154
  -2.911,  1.379, 19.154
  -2.911,  1.379, 19.154
  -0.919,  0.613, 19.460
  -0.919,  0.613, 19.460
  -0.919,  0.613, 19.460
  -0.919,  0.613, 19.460
  -0.613, -0.613, 19.460
  -0.613, -0.613, 19.460
  -0.613, -0.613, 19.460
   0.460, -0.306, 14.097
   0.460, -0.306, 14.097
   0.460, -0.306, 14.097
   2.298,  2.911, -0.766
   2.298,  2.911, -0.766
   2.298,  2.911, -0.766
   7.968,  7.661, -5.669
   7.968,  7.661, -5.669
   7.968,  7.661, -5.669
   7.968,  7.661, -5.669
  12.105,  7.815,-11.799
  12.105,  7.815,-11.799
  12.105,  7.815,-11.799
   9.960,  3.984,-19.460
   9.960,  3.984,-19.460
   9.960,  3.984,-19.460
   8.428,  3.524,-19.460
   8.428,  3.524,-19.460
   8.428,  3.524,-19.460
   3.984,  1.073, -6.895
   3.984,  1.073, -6.895
   3.984,  1.073, -6.895
   3.984,  1.073, -6.895
  -9.500, -4.750, 11.339
  -9.500, -4.750, 11.339
  -9.500, -4.750, 11.339
 -11.186,  0.153, 19.460
 -11.186,  0.153, 19.460
 -11.186,  0.153, 19.460
  -5.210,  8.428, 19.460
  -5.210,  8.428, 19.460
  -5.210,  8.428, 19.460
  -5.210,  8.428, 19.460
   7.815,  2.758, -6.895
   7.815,  2.758, -6.895
   7.815,  2.758, -6.895
  17.928,  0.766,-19.613
  17.928,  0.766,-19.613
  17.928,  0.766,-19.613
  17.468,  1.839,-19.613
  17.468,  1.839,-19.613
  17.468,  1.839,-19.613
   4.597,  4.290,  1.073
   4.597,  4.290,  1.073
   4.597,  4.290,  1.073
 -10.420,  6.895, 19.460
 -10.420,  6.895, 19.460
 -10.420,  6.895, 19.460
 -13.791,  7.661, 14.863
 -13.791,  7.661, 14.863
 -13.791,  7.661, 14.863
   0.919,  0.153,-15.783
   0.919,  0.153,-15.783
   0.919,  0.153,-15.783
  13.331,  3.524,-19.613
  13.331,  3.524,-19.613
  13.331,  3.524,-19.613
  13.331,  3.524,-19.613
  12.105,  6.895,-14.097
  12.105,  6.895,-14.097
  12.105,  6.895,-14.097
   2.758, 12.258, 17.008
   2.758, 12.258, 17.008
   2.758, 12.258, 17.008
  -6.129, 14.863, 19.460
  -6.129, 14.863, 19.460
  -6.129, 14.863, 19.460
  -7.355,  1.686, -4.597
  -7.355,  1.686, -4.597
  -7.355,  1.686, -4.597
  -7.355,  1.686, -4.597
   3.371, -2.758,-19.613
   3.371, -2.758,-19.613
   3.371, -2.758,-19.613
   7.508,  0.460,-17.315
   7.508,  0.460,-17.315
   7.508,  0.460,-17.315
   5.516, 13.024, 15.476
   5.516, 13.024, 15.476
   5.516, 13.024, 15.476
   5.516, 13.024, 15.476
  -4.137, 16.855, 19.460
  -4.137, 16.855, 19.460
  -4.137, 16.855, 19.460
  -6.129, -0.919, -4.750
  -6.129, -0.919, -4.750
  -6.129, -0.919, -4.750
   5.057, -4.290,-19.613
   5.057, -4.290,-19.613
   5.057, -4.290,-19.613
  13.331,  5.210,-15.323
  13.331,  5.210,-15.323
  13.331,  5.210,-15.323
  13.331,  5.210,-15.323
  11.799, 17.775, 17.775
  11.799, 17.775, 17.775
  11.799, 17.775, 17.775
  -2.145, 13.331, 19.154
  -2.145, 13.331, 19.154
  -2.145, 13.331, 19.154
  -6.589, -4.903,-13.178
  -6.589, -4.903,-13.178
  -6.589, -4.903,-13.178
   1.073, -6.436,-19.613
   1.073, -6.436,-19.613
   1.073, -6.436,-19.613
   1.073, -6.436,-19.613
   4.444,  4.444, -5.057
   4.444,  4.444, -5.057
   4.444,  4.444, -5.057
   2.145, 16.089, 19.460
   2.145, 16.089, 19.460
   2.145, 16.089, 19.460
  -5.363, 10.420, 11.186
  -5.363, 10.420, 11.186
  -5.363, 10.420, 11.186
  -3.677, -5.210,-19.460
  -3.677, -5.210,-19.460
  -3.677, -5.210,-19.460
  -3.677, -5.210,-19.460
   7.049,  1.379,-18.541
   7.049,  1.379,-18.541
   7.049,  1.379,-18.541
   9.194, 13.791, 13.024
   9.194, 13.791, 13.024
   9.194, 13.791, 13.024
  -1.686, 16.549, 19.460
  -1.686, 16.549, 19.460
  -1.686, 16.549, 19.460
  -8.734, -0.919, -5.823
  -8.734, -0.919, -5.823
  -8.734, -0.919, -5.823
  -8.734, -0.919, -5.823
   0.153, -4.597,-19.613
   0.153, -4.597,-19.613
   0.153, -4.597,-19.613
   8.428,  5.669,-14.250
   8.428,  5.669,-14.250
   8.428,  5.669,-14.250
   5.823, 14.710, 17.315
   5.823, 14.710, 17.315
   5.823, 14.710, 17.315
   5.823, 14.710, 17.315
  -0.460, 14.710, 18.234
  -0.460, 14.710, 18.234
  -0.460, 14.710, 18.234
  -5.363, -0.919,-14.250
  -5.363, -0.919,-14.250
  -5.363, -0.919,-14.250
  -0.613, -1.992,-19.613
  -0.613, -1.992,-19.613
  -0.613, -1.992,-19.613
   5.516,  9.653,  3.371
   5.516,  9.653,  3.371
   5.516,  9.653,  3.371
   5.516,  9.653,  3.371
   2.298, 16.855, 19.460
   2.298, 16.855, 19.460
   2.298, 16.855, 19.460
  -5.823,  5.363,  1.226
  -5.823,  5.363,  1.226
  -5.823,  5.363,  1.226
  -2.758, -6.436,-19.613
  -2.758, -6.436,-19.613
  -2.758, -6.436,-19.613
   7.968,  5.669,-14.557
   7.968,  5.669,-14.557
   7.968,  5.669,-14.557
   7.968,  5.669,-14.557
   7.815, 16.242, 17.315
   7.815, 16.242, 17.315
   7.815, 16.242, 17.315
  -4.444, 12.565, 16.702
  -4.444, 12.565, 16.702
  -4.444, 12.565, 16.702
  -9.347, -5.057,-16.549
  -9.347, -5.057,-16.549
  -9.347, -5.057,-16.549
  -0.460, -3.677,-19.613
  -0.460, -3.677,-19.613
  -0.460, -3.677,-19.613
  -0.460, -3.677,-19.613
  10.266, 11.799,  5.976
  10.266, 11.799,  5.976
  10.266, 11.799,  5.976
   8.581, 19.460, 19.460
   8.581, 19.460, 19.460
   8.581, 19.460, 19.460
  -2.605,  6.589,  3.677
  -2.605,  6.589,  3.677
  -2.605,  6.589,  3.677
  -4.290, -9.041,-19.613
  -4.290, -9.041,-19.613
  -4.290, -9.041,-19.613
  -4.290, -9.041,-19.613
   5.516,  0.460,-17.162
   5.516,  0.460,-17.162
   5.516,  0.460,-17.162
  10.879, 15.783, 14.404
  10.879, 15.783, 14.404
  10.879, 15.783, 14.404
   0.306, 17.468, 19.154
   0.306, 17.468, 19.154
   0.306, 17.468, 19.154
   0.306, 17.468, 19.154
  -9.807, -2.298, -9.960
  -9.807, -2.298, -9.960
  -9.807, -2.298, -9.960
  -1.686, -3.065,-19.613
  -1.686, -3.065,-19.613
  -1.686, -3.065,-19.613
   7.508,  9.041, -8.734
   7.508,  9.041, -8.734
   7.508,  9.041, -8.734
   5.976, 13.791,  9.500
   5.976, 13.791,  9.500
   5.976, 13.791,  9.500
   5.976, 13.791,  9.500
  -0.306, 13.178,  7.661
  -0.306, 13.178,  7.661
  -0.306, 13.178,  7.661
  -3.524,  7.815, -0.919
  -3.524,  7.815, -0.919
  -3.524,  7.815, -0.919
  -1.686,  6.742, -3.984
  -1.686,  6.742, -3.984
  -1.686,  6.742, -3.984
   0.613,  9.041, -3.984
   0.613,  9.041, -3.984
   0.613,  9.041, -3.984
   0.613,  9.041, -3.984
   0.766,  9.194, -3.065
   0.766,  9.194, -3.065
   0.766,  9.194, -3.065
   0.460,  9.194, -2.298
   0.460,  9.194, -2.298
   0.460,  9.194, -2.298
   0.153,  9.500, -2.452
   0.153,  9.500, -2.452
   0.153,  9.500, -2.452
   0.306,  8.734, -2.605
   0.306,  8.734, -2.605
   0.306,  8.734, -2.605
   0.306,  8.734, -2.605
   0.306,  8.734, -1.839
   0.306,  8.734, -1.839
   0.306,  8.734, -1.839
  -0.306,  9.041, -2.452
  -0.306,  9.041, -2.452
  -0.306,  9.041, -2.452
  -0.460,  8.581, -2.758
  -0.460,  8.581, -2.758
  -0.460,  8.581, -2.758
  -0.153,  8.734, -2.758
  -0.153,  8.734, -2.758
  -0.153,  8.734, -2.758
  -0.153,  8.734, -2.758
   0.306,  9.194, -2.452
   0.306,  9.194, -2.452
   0.306,  9.194, -2.452
   0.613,  9.347, -1.992
   0.613,  9.347, -1.992
   0.613,  9.347, -1.992
   0.306,  8.734, -1.839
   0.306,  8.734, -1.839
   0.306,  8.734, -1.839
   0.306,  8.734, -1.839
   0.460,  9.500, -1.686
   0.460,  9.500, -1.686
   0.460,  9.500, -1.686
   0.460,  9.194, -1.992
   0.460,  9.194, -1.992
   0.460,  9.194, -1.992
   0.153,  8.581, -3.218
   0.153,  8.581, -3.218
   0.153,  8.581, -3.218
   0.153,  7.968, -4.597
   0.153,  7.968, -4.597
   0.153,  7.968, -4.597
   0.153,  7.968, -4.597
   0.613,  7.661, -5.669
   0.613,  7.661, -5.669
   0.613,  7.661, -5.669
   0.306,  7.355, -6.436
   0.306,  7.355, -6.436
   0.306,  7.355, -6.436
  -0.460,  5.669, -5.823
  -0.460,  5.669, -5.823
  -0.460,  5.669, -5.823
   0.306,  5.363, -5.823
   0.306,  5.363, -5.823
   0.306,  5.363, -5.823
   2.911,  6.436, -1.073
   2.911,  6.436, -1.073
   2.911,  6.436, -1.073
   2.911,  6.436, -1.073
   3.371,  7.355,  6.282
   3.371,  7.355,  6.282
   3.371,  7.355,  6.282
   1.839,  5.210,  4.444
   1.839,  5.210,  4.444
   1.839,  5.210,  4.444
   5.669,  3.984,  5.057
   5.669,  3.984,  5.057
   5.669,  3.984,  5.057
   5.669,  3.984,  5.057
   5.210,  7.815, 12.258
   5.210,  7.815, 12.258
   5.210,  7.815, 12.258
   4.750,  6.589, 11.799
   4.750,  6.589, 11.799
   4.750,  6.589, 11.799
   3.065,  5.363,  3.524
   3.065,  5.363,  3.524
   3.065,  5.363,  3.524
   0.153,  3.524,  7.202
   0.153,  3.524,  7.202
   0.153,  3.524,  7.202
   0.153,  3.524,  7.202
   2.605,  0.613, 12.105
   2.605,  0.613, 12.105
   2.605,  0.613, 12.105
   3.218,  0.613,  9.653
   3.218,  0.613,  9.653
   3.218,  0.613,  9.653
   4.444, -0.153, 10.113
   4.444, -0.153, 10.113
   4.444, -0.153, 10.113
   4.444, -0.153, 10.113
   6.742, -0.153, 10.573
   6.742, -0.153, 10.573
   6.742, -0.153, 10.573
   7.968, -0.153,  9.653
   7.968, -0.153,  9.653
   7.968, -0.153,  9.653
   7.202,  1.226,  9.653
   7.202,  1.226,  9.653
   7.202,  1.226,  9.653
   6.742,  0.306,  8.274
   6.742,  0.306,  8.274
   5.057, -0.919,  9.041
   5.057, -0.919,  9.041
   7.661, -5.516, 12.105
   7.661, -5.516, 12.105
   7.661, -5.516, 12.105
   1.839, -3.371,  5.057
   1.839, -3.371,  5.057
   1.839, -3.371,  5.057
   0.766, -1.839,  3.524
   0.766, -1.839,  3.524
   0.766, -1.839,  3.524
   0.766, -1.839,  3.524
   7.661, -1.839, 14.250
   7.661, -1.839, 14.250
   7.661, -1.839, 14.250
   4.903, -0.306, 10.879
   4.903, -0.306, 10.879
   4.903, -0.306, 10.879
   1.073,  1.073,  9.194
   1.073,  1.073,  9.194
   1.073,  1.073,  9.194
   2.298,  0.766, 13.791
   2.298,  0.766, 13.791
   2.298,  0.766, 13.791
   2.298,  0.766, 13.791
   0.613, -1.532,  6.436
   0.613, -1.532,  6.436
   0.613, -1.532,  6.436
   0.613,  1.073, 10.726
   0.613,  1.073, 10.726
   0.613,  1.073, 10.726
   3.218, -0.613, 10.879
   3.218, -0.613, 10.879
   3.218, -0.613, 10.879
   3.218, -0.613,  9.194
   0.613, -0.613,  9.194
   0.613, -0.613,  9.194
   0.613, -0.613,  9.194
   1.839, -0.613, 10.726
   1.839, -0.613, 10.726
   1.839, -0.613, 10.726
   1.379, -0.153,  9.960
   1.379, -0.153,  9.960
   1.379, -0.153,  9.960
   1.532, -0.153,  9.960
   1.532, -0.153,  9.960
   1.532, -0.153,  9.960
   1.686, -0.153, 10.266
   1.686, -0.153, 10.266
   1.686, -0.153, 10.266
   1.686, -0.153, 10.266
   1.532, -0.153, 10.113
   1.532, -0.153, 10.113
   1.532, -0.153, 10.113
   1.532, -0.153, 10.113
   1.532, -0.153, 10.113
   1.532, -0.153, 10.113
   1.532, -0.153, 10.113
   1.532, -0.153, 10.113
   1.532, -0.153, 10.113
   1.532, -0.153, 10.113
   1.532, -0.153, 10.113
   1.532, -0.153, 10.113
   1.532, -0.153, 10.113
   1.532, -0.153, 10.113
   1.532, -0.153, 10.113
   1.532, -0.153, 10.113
   1.532, -0.153, 10.113
   1.532, -0.153, 10.113
   1.532, -0.153, 10.113
   1.532, -0.153, 10.113
   1.532, -0.153, 10.113
   1.532, -0.153, 10.113
   1.532, -0.153, 10.113
   1.532, -0.153, 10.113
   1.532, -0.153, 10.113
   1.532, -0.153, 10.113
   1.532, -0.153, 10.113
   1.532, -0.153, 10.113
   1.532, -0.153, 10.113
   1.532, -0.153, 10.113
   1.532, -0.153, 10.113
   1.532, -0.153, 10.113
   1.532, -0.153, 10.113
   1.532, -0.153, 10.113
   1.532, -0.153, 10.113
   1.532, -0.153, 10.113
   1.532, -0.153, 10.113
   1.532, -0.153, 10.113
   1.532, -0.153, 10.113
